1	17.9	18.1	18.2	17.5	18.1	15.2	15.9	15.5	16.5	14.8	15.7	18.3	19.2	19.5	18.5	18.6	19.8	19.9	20.1	18.2	18.5	18.3	18.3	17.8	18.2	18	18.7	18.8	18.7	16	18.1	20.8	17.5	18.5	20.3	15.6	18.6	18.9	18.2
2	17.8	18.1	18.2	17.6	18.2	15.2	15.9	15.5	16.6	14.6	15.6	18.5	19.7	19.5	18.5	18.6	19.9	20	20	18.2	18.5	18.5	18.3	18.1	18.2	18	18.7	18.8	18.8	18.1	18.3	20.7	18.3	18.8	20.4	18.2	18.7	19	18.3
3	17.9	18.1	18.3	17.5	18.1	15.1	15.9	15.6	16.5	14.6	15.5	18.6	19.8	19.8	18.5	18.8	20	20	20	18.4	18.6	18.6	18.5	18.1	18.2	18.1	18.7	19	18.9	18.5	18.4	20.8	18.3	18.8	20.3	18.5	18.8	19	18.6
4	17.9	18.3	18.3	17.7	18.2	15.3	16	15.6	16.7	14.8	15.8	18.7	19.8	19.8	18.6	18.7	20	20	20	18.4	18.6	18.5	18.5	17.9	18.2	18.1	18.8	18.9	18.8	18.4	18.3	20.7	18.3	18.5	20.4	18.4	18.7	19.1	18.1
5	-4.5	-0.2	Null	0.3	-5.8	-0.8	-0.4	-3.2	-2.9	-3.4	-1.4	0.2	-3.7	-2	0.1	-0.5	-1.6	-2.3	-1.3	-1.7	-2.6	-1.6	-1.3	-0.8	-2	-2.2	-0.6	-0.6	-3.3	-0.1	-1.4	-1.5	-0.1	-0.5	-2.5	-2.3	-1.4	0.6	-3.8
6	-4.3	-8.7	-6.2	Null	-11.4	-10.2	-10.2	-9.7	Null	-6.4	-8.2	-6.8	-7.6	-7.8	-7.4	-6.9	-6.4	Null	-5.2	-7.6	-8.2	-6.4	-5.5	-6.5	-8.5	-7.6	-5.2	-6.3	-7.1	-8.6	-5	-9.8	-7.7	-7	-8.8	-7.1	-7.2	-4.6	-7.3
7	-8.9	Null	-0.1	Null	-1.2	Null	Null	Null	-10.5	-4.4	Null	-3.6	-1.6	-3.5	-2.5	-2.9	-5	-3.5	-8.2	-3.5	-2.9	-0.3	-0.9	-0.7	-1.5	-1.2	-10.5	-8.2	0.4	-2.1	-1.8	-3	-1.3	-0.5	-2.3	-3.7	-0.2	-5.2	1.1
8	Null	-9.5	-9	-10.3	-9.1	-9.2	-8.1	-7.2	-7	-10.3	-4.6	-6.7	-5.2	-6.5	-7.2	-7.3	-7.7	-5	-8.8	-5.1	-5.2	-6.5	-8.1	-5.7	-3.9	-3.7	-7.9	-7.4	-3.6	-6.7	-4.4	-6.3	-4.7	-4.7	-6.1	-4.2	-2.6	-7.9	-4.5
9	-0.3	0.7	1.2	0.3	2.1	1.4	0.7	0.3	-0.2	2.7	0.8	0.4	-1.2	-1.8	0.2	0.4	-0.3	-1.2	0	-0.3	-0.1	-0.4	-0.2	-0.5	-0.6	-0.8	-0.1	-0.2	-0.9	-1.2	1.3	0.1	-0.6	0.1	-0.5	-2.8	0	0.3	-1.3
10	0	-6	0.4	-2.3	0.1	1.1	1.3	1.3	1.3	0.6	2	-5.7	-5.5	-9.4	-3.7	-3.5	-6.4	-5.7	-7.4	-3.1	-2.7	-4.2	-4.1	-4.8	-1.1	-1.2	-4.2	-2.7	-5.5	-3.2	-3.3	-2.4	-2.9	-4.7	-3.2	-5.4	-3.2	-7.8	-5.3
11	-6	-4.9	-8.6	-6.7	-7.7	-5.2	-5.4	-6.1	-6.2	-7.9	-4.2	Null	-5.6	-6.7	-13.1	-8.8	-5.4	-3.7	-11.4	-2.9	-3.4	-6.6	-6.8	Null	-5.6	-5	-1.3	-0.7	-3.8	Null	-1.7	-6.5	-5.7	-7.2	-5.6	-2.8	-3.9	-6.4	-6.3
12	-0.5	-1.3	-0.9	-1.7	-0.1	-4.1	-2.8	-2.7	-1.9	1.4	-1.2	-2	-2.1	-1.8	-2.1	-2.3	-4.7	-3.5	-4.6	-2	-1.3	-0.8	-1.3	-0.7	-1.7	-1.6	-2.4	-2	-0.9	-2.1	-0.4	-2.5	-1.9	-0.6	-2.5	-0.9	-1.2	-1.5	-0.9
13	-6.4	-7.4	-7.5	-8.3	Null	-9.1	Null	Null	-10.4	Null	Null	-0.7	0.2	12.1	0.2	-1.7	-2.8	-4.8	-0.8	-4.3	-5.4	-0.5	-0.8	-1.1	-4.5	-4.4	0.9	1	-2.5	Null	-3.9	-4.2	-3.9	-2.1	-6.6	Null	-2.6	17.1	-6.1
14	-3.6	-2.4	-3.6	-3.2	-1.7	-3.2	-2.2	-2.6	-2.4	-2.4	-2.7	-3.3	9	13.1	-2.6	-2.3	-3.4	-3.9	-4.7	-3.3	-1.2	-1.9	-2.2	14.1	-1.8	-1.9	-6.3	-5.9	-2.7	-4.7	-2.9	-0.9	-2.4	-2.4	-0.7	-4.7	-2.7	-5.4	-3.1
15	-9.2	-7	Null	Null	Null	Null	Null	Null	Null	Null	Null	-1.8	Null	Null	-1.4	-1.9	-3.4	-5.2	6	-3.4	-7.4	-8.5	-4.7	-6.3	-7.7	-8.4	0.5	10.8	-11.9	-8.7	-2.6	-8	7.9	-11.1	-8.3	Null	3	8	Null
16	-8.2	-6	Null	Null	Null	Null	-6.1	-6.2	-10.6	-9.3	-8.3	-1.6	-7	-2.1	-1.3	-2.8	-4.3	-6.3	-1.1	-5.9	-10.2	-4.5	-4.6	3.2	-8	-9.1	-0.6	-0.5	-6.3	8	-4.8	-6.6	-7.4	-5.6	Null	-10.3	-3.2	0.1	Null
17	Null	-6.9	-10.7	Null	-10.8	3.4	3.6	3.8	4.1	-9.4	6	-7.4	Null	-4.8	-8.1	-8.4	-7.4	-7	-3.1	-5.8	-7.2	Null	-8.9	-6.6	-8.8	-8.1	-7.5	-7.7	-8	-4.5	-4.6	Null	-3	-7.8	Null	-5.4	-2.8	-5.6	-9.6
18	-0.6	-0.9	-1.3	-1	-0.8	0.2	-0.8	0.3	0.6	0.6	-0.2	-0.7	-0.4	-0.2	-0.7	-0.7	-0.5	-0.4	-1.1	-0.6	-0.6	-0.3	-0.4	0	-0.2	-0.3	-0.1	0.1	0	-1.5	-0.4	-2.6	0	0	-1.4	Null	-0.4	-0.5	-0.3
19	Null	Null	Null	Null	Null	Null	Null	Null	Null	Null	-10.2	Null	Null	Null	Null	-10.1	Null	-8	-5.4	Null	Null	Null	Null	Null	-8.1	Null	-6.5	-12.8	Null	-1.7	Null	Null	-4.7	Null	Null	-1.7	Null	Null	-9.9
20	Null	Null	Null	Null	Null	1	0.6	0.5	0.6	Null	1.8	-3.9	Null	-8.1	-5.3	-3.9	-6.1	-8.5	-4.9	-6.9	-7.4	Null	-9.5	-9	-7.5	-8.5	-8.2	-9.3	Null	5.6	-5.6	Null	-6.5	-12.1	-7.8	-0.5	-13	-4.1	Null
21	Null	Null	Null	Null	Null	Null	Null	Null	Null	Null	Null	-5.5	Null	Null	Null	Null	Null	Null	Null	-8.9	Null	-4.3	-13.1	-4.6	-5.3	Null	-4.8	-8.9	Null	Null	Null	-7.9	Null	Null	Null	-1.7	Null	-4.9	Null
22	0	0.9	0.5	-1.4	0.3	-0.3	-0.3	-0.1	-0.4	0.2	-1.2	0.3	0.4	-0.8	-0.2	0.2	1.2	0.2	0.9	0.4	0.6	0.1	0.1	-0.1	-0.8	-1	1.1	1.6	0	0	0.3	0.3	-0.4	-0.9	-0.4	Null	-0.4	0.1	0.3
23	-0.2	-0.5	-0.2	0.3	-0.2	-0.2	-1.2	0.1	0.6	0.9	0.8	0.3	0.5	-0.3	0.9	0.8	-0.2	0	0.1	0.1	0.7	0.6	0.5	0.2	-0.1	-0.1	0	0.1	0.7	0.3	0.1	-1.1	-0.1	0.3	-0.2	Null	0.4	0	0.3
24	0.1	0.1	0.2	-0.8	0	0.8	0.7	1.1	0.8	-0.4	-0.2	-0.6	0.5	0.4	-0.8	-0.9	1.3	1.1	1.2	-0.5	-0.2	-1.2	-1.1	-0.9	-0.2	-0.3	0	0.5	-0.4	-1.8	-0.3	1	0.2	-1.2	1.3	-6.6	-0.9	-0.4	-1.4
25	-2.4	-4.4	-1.6	-1	-0.5	-1.2	-2.4	-2.5	-2.9	-3	-2.2	-1.7	-1.3	-2.1	-1.7	-2	-0.7	-0.5	-1.8	-1.7	-1.3	-1.3	-1.6	-2	-2.4	-2.8	-2.1	-1.6	-2.2	Null	-1.2	0	-1.5	-1.7	-0.8	-9.8	-2.2	-2.5	-3
26	-0.9	-0.7	-1.3	-0.8	-1.3	1.1	-0.4	1.1	1.4	1	0.8	-0.6	-0.2	-0.9	-0.5	-0.3	-0.2	-0.4	-0.1	0.1	0.7	0	-0.4	-0.4	-0.8	-0.9	-0.5	0.3	0.3	-6.3	0.3	-0.1	-0.4	0.1	-0.2	Null	-0.1	-0.3	-0.5
27	-0.8	-0.4	-0.4	-1.1	-1.2	-3.5	-3.4	-3.8	-2.2	-4.4	-4.6	-1.4	-0.5	-0.8	-1.9	-1.4	-0.8	-0.6	0	-1.1	-1	-1.2	-1.1	-1.1	-0.7	-0.7	-1.2	-1	0.1	0.4	-0.7	0.8	0.5	0.5	0.4	0.3	0.3	-0.4	-1.7
28	Null	-11.3	-7.6	-12.8	-0.3	-8.7	-9.1	-3	-10.5	-8.5	-9.2	-11.3	-9.8	-10.9	Null	Null	Null	-11.4	Null	-11.8	-10.6	Null	-11.8	-9.8	-12	-11	Null	-11	-10.2	-10.3	-9.7	-8.9	-9.9	-11.1	Null	-12.9	-13.1	-10.7	-9.6
29	Null	-11.3	-6.9	Null	0	Null	Null	Null	Null	-10.4	Null	Null	Null	Null	Null	Null	Null	Null	Null	Null	Null	Null	Null	Null	Null	Null	Null	Null	Null	Null	Null	Null	Null	Null	Null	Null	Null	Null	Null
30	-4.4	-5.8	-4.8	-4.6	-7.4	-5.8	-5.4	-5.2	-5.1	-4.3	-5.9	-6.3	-6	-7.3	-6.1	-5.6	-8.1	-5.5	-6	-7.3	Null	-6.5	-6.2	-7.3	-7.1	-5.9	-4.3	-4.3	-5.8	-8.4	-5.9	-6.2	-5.1	-6.4	Null	-7.1	-7.1	-4.5	-7.6
31	-1.3	-3.1	-5.7	0.8	-2.9	-9.2	-8.2	-9.2	-8.8	0.6	-5.4	-0.9	1.2	-0.3	-0.1	0.8	-0.6	-0.1	-1.4	-1.4	0	1.3	1.5	0.5	0.6	0.6	-0.8	-0.5	0.6	0.7	1.6	1.8	0.5	-0.2	1.8	-0.1	0.3	-1.2	-0.7
32	-0.7	-1.2	-2.6	-0.7	-10.5	-0.8	-1.9	-0.7	-0.5	-1.4	-0.8	-0.7	-3.8	-3.7	-0.3	-0.8	-1.4	-2.2	-0.2	-2.8	-3.8	-4.4	-2.7	-3.7	-2.1	-1.8	-0.4	-0.5	-2.3	-2.6	-2.8	-3.4	-2.1	-3.1	-4.7	-3.5	-3.2	-0.2	-3.3
33	-1	-0.3	-0.5	-1.9	1.3	0.4	0.6	0.4	-0.5	-0.4	0.1	-1.3	-1.7	-1.5	-1.3	-1.7	-1.8	-2.1	-1.2	-1.3	-1	-1.7	-1.5	-1.1	-1.2	-1.1	-1.1	-1.2	-1	-0.7	-1	-1	-1.1	-1.3	-1.5	-0.8	-1	-1.4	-1.8
34	-8.8	-10.8	-8.2	-7.4	-2.4	-7.3	-7.1	-6.8	-5.6	-9.4	-4.7	Null	-9	Null	-8	-9.8	Null	Null	-9.5	Null	Null	Null	Null	Null	-10.5	-8.8	Null	-8.1	-9	-7.8	-8.7	Null	Null	Null	Null	-9.5	-9.3	-6.9	Null
35	Null	Null	-5.6	Null	Null	Null	Null	Null	Null	-6.4	Null	Null	Null	Null	Null	Null	Null	Null	Null	Null	Null	Null	Null	Null	Null	Null	-9.1	Null	Null	-10.3	Null	Null	Null	Null	Null	Null	Null	Null	-1.8
36	-10.7	-4.6	-11.6	-11.7	-10	-1.8	-1	-1.7	-1.1	-8.4	-2.2	-1.6	Null	-9	-2.2	-2.2	-4.6	-8.1	-3.9	-4	-4.8	-7.1	-5.8	-7.5	-9	-7.2	-1.2	-1.3	-10.3	-7.1	-3.7	-9.1	-4.3	-8.8	-8.5	-10.6	-10.4	-2.7	-10.2
37	-1.3	-1.4	-2.3	-2.6	-2.8	-2.2	-3.4	-2.4	-3	-2.4	-2.2	-2.3	-2.8	-3.5	-2.8	-2.5	-2.1	-2.8	-1.8	-3.1	-2.6	-3.4	-3.4	-3.4	-2.5	-2.5	-3.3	-3.2	-3.9	-2.7	-3.1	-0.7	-2.3	-3.2	-1.3	-4	-3.5	-2	-4.2
38	Null	Null	Null	Null	Null	-6.7	-9.5	-6	-5.6	Null	-5.2	Null	Null	-9.2	-7.4	-6	Null	Null	Null	-9.7	-7.8	Null	Null	Null	-9.2	-8.8	-4.9	-6	Null	-8.2	-8.7	Null	-9.5	-7.7	Null	-9.3	-7.2	-4.1	Null
39	0	0.7	-1.6	-0.6	-0.6	0.6	0.6	0.9	0.1	0.6	1.3	0.1	-0.2	-0.5	0.3	0.3	-0.8	-0.5	-1.1	0.7	1	0.5	0.7	0.1	0.9	0.8	0.4	0.4	0.5	0.4	0.9	-2.4	0.4	0.7	-1.4	0.8	0.9	0	0.4
40	-1.1	-1.3	0	0.8	0.6	0.8	1	0.4	0.2	-0.4	0	-0.7	-0.8	-0.9	-0.9	-0.9	-0.4	-1	0.1	-1.2	-0.7	-0.5	-0.7	-1	-1	-1.1	-0.3	-0.3	-1	-0.7	-0.6	-0.5	-1	-0.5	-0.6	-0.5	-0.5	-0.2	-1.8
41	1.6	2.4	1.6	1.5	0.6	4.4	3.9	4	3.5	1	2.8	1.9	1	1.1	2	1.7	0.7	0.8	0.8	1.5	1.2	1.3	1.6	1.4	1.8	1.7	2.3	2.2	1.9	1.6	1.4	-0.9	1.7	1.5	-0.1	1.4	1.4	1.4	1.7
42	-0.2	-0.3	-0.5	-0.3	-0.8	1.7	1.6	1.5	1.9	0.6	0.9	-0.5	-0.5	-0.2	-0.7	-0.6	0.2	0.3	0.1	-0.3	-0.5	-0.7	-0.7	-0.5	0.1	0	-0.2	0	-0.9	-0.3	-0.7	0.3	0	-0.6	0.2	-0.6	-0.5	-0.4	-0.6
43	1.9	2.7	2.2	1.8	0.4	3.1	2.6	2.6	2.5	0.7	1.8	1.2	1.6	1.8	1.4	1.3	2.5	2.7	2.4	1.1	0.8	0.6	0.8	0.8	1.5	1.4	2	2.1	1.4	1.4	0.5	2.3	1.7	1.2	2.2	1.3	1.2	1.6	1.1
44	0.1	1.6	1	0.7	1.9	2	2.3	1	1.5	1.7	1.8	0.4	0.9	1	0.1	0.4	1.4	1.5	1.4	0.3	0.4	0.2	0.1	0.2	0.5	0.6	0.5	0.6	0.4	0.6	0	2	0.5	0.6	1.8	0.4	0.5	0.7	0.4
45	-10.3	-6.3	0	-2.3	-1.3	Null	Null	Null	Null	-1.4	Null	-3.3	-1.8	-1.9	-2.2	-2	-5.4	-3.9	-6.4	-5.2	-6.1	-1.2	-1.3	-0.1	-2.3	-2.5	-1.7	-1.3	-2.7	-3.4	-5	-1.1	-2.9	-1.5	-0.9	-0.6	-2.1	-7.9	0
46	-5.2	-5.2	-2.7	-4.2	-6.1	-6.3	-5.4	-6	-4.8	-0.4	-2.8	-7	-5.3	-5	-7	-5.9	-6.1	-3.4	-5.7	-5.7	-2.3	-4.3	-6	-5.3	-3.6	-3.7	-5.3	-5.5	-4.4	-4	-4.8	-2.5	-3.6	-4.2	-4.2	-5.9	-5.9	-4.4	-4.7
47	-7.6	-3.9	-9.6	-5.9	-6.9	-4.7	-4.4	-4.4	-5.6	Null	-3.2	-9.3	-8.6	-9.4	-9.3	-7.3	-6.6	-6.4	-6.4	-6	-5.7	-9.6	Null	Null	-8.9	-8.1	-9.1	-8.7	-7.1	-5.5	-5	-6	-7	-9.6	-8.1	-6.7	-7.9	-8.3	-5.2
48	Null	Null	Null	Null	-11.2	Null	Null	Null	Null	Null	Null	Null	Null	Null	Null	Null	Null	Null	Null	Null	Null	Null	Null	Null	Null	Null	Null	Null	Null	Null	Null	Null	Null	Null	Null	-13.2	Null	Null	Null
49	Null	Null	Null	Null	Null	Null	Null	Null	Null	Null	Null	Null	Null	Null	Null	Null	Null	Null	Null	Null	-8.9	Null	Null	Null	Null	Null	Null	-9	Null	Null	Null	-6.1	Null	Null	Null	Null	Null	Null	Null
50	2.7	1.9	0.8	0.5	0.4	2.1	2.6	2.4	1.6	1.6	1.8	2.3	0.9	1.2	2	1.8	2.4	1.2	3.3	1.3	1.2	1	0.9	1	0.7	0.3	2.2	2.2	0	0.9	1.6	2.2	1.4	0.6	1.4	0.6	0.5	2.5	0
51	8.2	7.7	6.4	6.9	7.4	9.2	9.6	9.3	8.5	8.6	8.8	7.2	9	9.2	7.2	7.5	9	9.3	8.8	8	8.6	7.8	7.8	7.6	8.6	8.4	7.8	7.5	8.4	8.9	8.2	9.9	8.3	7.9	9.9	7.9	8	7.9	8.4
52	2.2	3.4	-0.8	2.6	0.3	-1.2	-1.8	0	0.2	3	0.8	2.1	0.7	-0.7	2.1	2.5	0.8	1	0.6	1.5	1.9	2.6	2.3	2.1	3.1	2.8	1.4	1.8	1	1.8	0.8	-0.6	2.1	1.6	0.2	2.3	2	1.7	1.3
53	-2.3	-3.2	-3.7	-6.7	-6	-5.8	-6.4	-6.7	-5.6	3.4	-2.2	0.2	4.5	4.3	0.2	0.5	0.2	-0.2	1.5	2.8	4	1	0.9	2.2	2.3	2.2	2.8	3.1	5.1	2.3	2.5	1.9	0.9	2.3	4.3	1.8	1.5	0.1	4.5
54	-0.2	0.4	1	0.1	0.7	1.3	0.6	1.6	1.6	3.6	0.9	0.5	1	1.2	0.8	0.7	1.5	2.2	1.3	1	1.1	0.6	0.8	0.9	1.1	0.9	0.8	0.9	0.4	0.4	0.7	1.9	0.9	0.3	1.7	0.2	0.2	0.4	0.7
55	2.9	2.3	-7.6	2.6	-1.7	4.8	3.6	5.4	6	-0.4	5	3.2	2.8	2.8	4	3.7	1.1	1.4	1.4	2.5	3.3	3.8	3.3	3.2	5	4.8	3	2.6	4.6	3	3.2	3	3.8	4.3	3.8	5.2	4.8	3	5.8
56	1.6	2.1	1.8	1.9	0.6	-1.2	-2.4	-1.6	-0.9	2.7	-0.2	2.4	2.9	2.8	2.9	2.5	2.5	2.6	3.3	1.6	2.1	2.8	2.5	2.5	2.9	2.8	2.4	2.3	2.7	2.5	1.7	3.6	3.1	3.1	3.7	2.8	2.8	3.9	1.3
57	-1.3	-1.9	-1.6	-1.8	-0.7	0.2	0.6	0.6	-0.2	-1.4	0.8	-1.2	-1.2	-1.1	-1.3	-1.3	-1.9	-1.6	-1.2	-1.1	-0.6	-0.9	-0.9	-0.8	-1.3	-1.4	-1.4	-1.5	-1.8	-1.1	-0.7	-2.9	-0.7	-1.5	-2.8	-1.5	-1.1	-0.9	-1.3
58	-0.1	-0.2	0.3	-0.8	0	-1.5	-1.1	-1.7	-0.1	-2.3	-1.6	-0.8	-1.5	-2	-0.9	-1.3	-2.7	-2.2	-1.8	-1.4	-0.8	-0.5	-0.5	-0.5	-0.1	-0.3	-0.3	-0.7	-0.3	-0.2	-0.1	-3.1	-0.3	-0.4	-2.7	-0.6	-0.7	-0.4	-0.9
59	2.3	1.6	2.6	1.5	1.4	1.9	2.8	3.3	4.1	3.6	4.1	3.3	2.7	2.7	3.3	2.8	3.3	3.5	3.8	2.2	2.3	2.8	2.7	2.5	1.9	1.7	3.1	2.8	2.3	2	2	2.8	1.9	2.3	2.7	2.2	2.4	2.6	2
60	2.3	0.5	0.2	0.6	1.2	0.9	1.5	1.1	0.5	1.6	1	0.3	1.4	1.5	0	0.4	1.9	2.2	1.4	0.7	0.8	0.4	0.4	0.6	0.5	0.6	0.4	0.5	0.9	0.1	-0.1	1.7	0.6	0.6	1.8	0.7	0.5	0.2	0.8
61	-2	-2.6	-5	-3.3	3.2	-1.1	-1.1	-0.7	-1	-5.6	0.8	1.6	-1.1	0.3	1.2	0.5	-0.3	0	0.9	0.5	0.8	-0.6	0.6	0.4	-0.1	-0.1	3.2	4.5	1.4	2.1	2.5	1.9	0.6	2.4	0.5	1	1.2	3.1	0.1
62	Null	Null	Null	Null	Null	Null	Null	Null	Null	Null	Null	1.2	-3.6	-3.1	0.3	-0.9	-4.4	Null	-5.2	-7.3	-7.9	-6.5	-6.7	-4.4	-4.9	-4.6	-2.2	-0.1	-5.1	-5.9	-7.9	-7	-6	-9	-4.7	-6.9	Null	-5.2	0
63	1.4	1.3	0.7	0.6	1.3	-0.3	-1.3	-0.7	-1.4	-1.4	-0.9	0.9	-0.2	-0.5	1.6	1.2	-1.3	-1	-0.5	0.8	1.2	1.1	0.6	0.7	2.8	2.6	1.5	1.3	1	1.8	1.3	-1.5	1.1	1.5	-1	1.7	1.5	1.7	0.6
64	-1.7	-2.5	-0.7	-1.9	-2	-1.7	-1.5	-1.6	-1.7	-1.3	-2.4	-2.7	-3.6	-3.1	-2.6	-2.5	-3.7	-3.4	-4.7	-2.1	-2.2	-2.5	-2.5	-2.9	-1.8	-1.9	-2.2	-2.7	-2	-2.2	-2.3	-3.4	-2	-2.3	-3.6	-2.7	-2.5	-2.7	-2.3
65	-2.2	-1.2	-2.6	-1.5	-1.7	-2.2	-1.4	-2.4	-0.1	-5.4	-1.9	-1.5	-3.6	-3.1	-1.5	-1.9	-4.1	-4.5	-3.3	-2.4	-2.2	-2.3	-2.1	-2.2	-3.3	-3.3	-1.4	-1.5	-2.3	-2.8	-1.6	-6	-2.3	-2.2	-4.9	-2.9	-2.4	-1.5	-3.2
66	1	0.3	0.4	0.8	1.1	-1	1.1	1.4	2.1	2.6	2.8	1.2	2.1	3.1	0.7	1	2.4	1.9	2.5	1	1.1	0.2	0.6	0.8	1.4	1.3	1.7	1.8	1.8	1.5	0.6	3.6	1.4	0.8	3.4	0.9	0.5	1.4	1.9
67	1.9	2.6	2.7	3.5	1.5	2.1	2.8	2.4	1.5	3.6	2.8	3.3	5.4	4.2	3.6	3.6	3.1	3.4	3	3	3.7	4.9	4.6	4.7	3	3	2.1	2.5	4.8	3.8	3.5	4.3	3.6	5.1	4.7	4.2	4.2	2.6	4.6
68	0	-0.6	1.7	3.4	1.7	3.8	3.5	2.9	2.5	3.7	3.1	2	3.3	0.8	2.6	2.8	0.3	1.7	-1.8	2.7	4.1	4.7	4.4	5	2.9	2.7	-0.9	-2.9	4.6	3.5	2.4	1.7	2.9	3.9	2.4	3.3	3.7	-1	3.2
69	2.4	2.4	3	2	3.3	4.3	3.3	3.3	2.5	1.6	2.9	2.2	3.3	2.5	2.5	2.6	3.4	3.3	3.2	2.7	2.9	2.6	2.3	2.2	4	4.1	2.6	2.4	2.3	3.2	2.6	4.9	2.7	2.7	4.2	2.3	2.4	2.4	2.7
70	-5.5	-5.7	-5	-5.5	-5.8	-2.9	-1.9	-1.9	-3.5	-1.1	-1.2	-4.9	-6.4	-6.7	-4.7	-4.8	-6.2	-6.9	-5.8	-4.6	-4.3	-5.2	-4.9	-5.7	-5	-4.7	-4.6	-4.7	-5.6	-5	-3.8	-6	-4.7	-5.1	-6.3	-5.2	-5.2	-4.8	-5.5
71	-3.3	-3	-0.9	-3.2	-0.8	-0.2	-0.4	-0.6	-0.5	-2.4	-0.8	-2.7	-1.7	-1.8	-2.5	-2.4	-2	-2.2	-2.6	-1.7	-1.5	-2.2	-2.5	-2.3	-1.4	-1.3	-2.6	-2.9	-1.8	-1.2	-1.4	-0.9	-1.1	-0.6	-1.4	-1.8	-1.8	-2.6	-2.3
72	-1.4	-0.1	-0.9	-2.1	-2.1	-2.2	-2	-2.5	-2.5	1.6	-1.7	-2.2	-2.8	-5	-1.2	-1.2	-3.2	-3.8	-2.5	-2.6	-0.9	-1.3	-1.4	-2.1	-0.7	-0.9	-1.7	-2	-2.7	-1.7	-2.2	-3.9	-0.8	-2	-3.1	-2.1	-1.7	-1.8	-2.3
73	0.4	0.3	0.5	-0.3	0.6	-1	-1	-0.7	-0.8	0.6	-0.9	-0.4	-0.9	-1.1	0.5	-0.1	-1.2	-0.9	-0.7	0.2	0	0.3	0.1	-0.2	0.2	0.1	0.8	0.7	0.2	0.2	0.2	-2.4	0	-0.2	-2.3	0.3	-0.3	-0.6	-0.7
74	-5.1	-7.6	-7.5	-6.8	-5.8	-1.1	-0.5	-0.4	-1	0.6	0.1	-7	-6.9	-5.6	-9.7	-8.6	-4.7	-4.2	-5.5	-5.5	-6.8	-6.6	-7.4	-7	-7.5	-6.8	-7.8	-7	-7	-6.5	-7.4	-8.7	-7.4	-10.7	-7.3	-8.9	-7.8	-9.2	-6.5
75	-3.5	-2.2	-2.8	-1.7	-1.6	-0.1	-1.1	-0.5	-1.5	-2.4	-0.9	-2.9	-2.2	-2	-3.2	-3.2	-2.1	-2	-2.4	-3.1	-2.9	-3.4	-3.5	-3.3	-2.8	-2.9	-3.3	-3.4	-3.3	-3.5	-3.2	-1.7	-3.9	-4.2	-1.6	-3.8	-3.8	-3.2	-3.4
76	0.4	-0.7	1.9	1.2	0.3	-2.1	-1.4	-0.3	0	1.6	-0.1	0.2	0.9	0.1	0.5	0.4	1	1.2	1.1	0	0.5	1.6	1.3	0.8	1.1	1	0.8	1	0.8	0.4	-0.4	1.5	0.4	0.4	1.4	0.7	0.6	0	-0.1
77	-0.1	-0.4	0.3	-0.2	-1.1	-0.3	0.3	-0.5	1.1	-0.4	-1	-0.4	0.9	0.8	-0.4	-0.1	0.7	1.3	0.4	0.4	0.4	0.4	0.1	0.3	0.5	0.4	-0.1	-0.2	0.3	0.9	-0.1	1.8	0.6	0.4	1.4	0.2	0.3	-0.2	0.1
78	0.1	-0.1	-0.8	-1.3	-1.4	-0.8	-1.2	-0.7	-0.5	-1.4	0.2	-1.1	-1.3	-1.5	-1.2	-1.2	-2	-1.6	-1.7	-1.3	-1.2	-1.3	-1.2	-1.2	-0.7	-0.9	-0.9	-1.3	-1.2	-1.8	-1.3	-1.6	-1.9	-1.1	-2.5	-1.6	-1.6	-1.3	-0.9
79	-0.7	0.6	-0.9	-0.5	-0.9	-2.2	-1.6	-1.9	-0.4	-4.4	-2.5	-1.1	1.3	2	-1.5	-1	1.5	2.1	0.5	0	0.2	-0.3	-0.2	-0.3	0.6	0.4	-1	-0.8	0.8	0.8	-0.2	2.8	0.9	0.1	2.6	0.1	0.1	-0.9	0.7
80	2.5	2.5	2.7	2.2	0.9	-0.1	0.9	0.3	1.8	-0.4	0	2.9	2.8	3.3	2.8	3	4	3.3	4.2	2.5	3.2	2.4	2.4	2.2	2.6	2.8	2.9	3.2	2.2	2.5	2.2	4.1	2.5	2.5	3.6	2.6	2.8	3.3	1.9
81	-0.7	-4.4	2.2	-2.7	-5.1	-2.8	-3.4	-3.2	-3.4	-3.4	-3.4	-3.8	-5.1	-5.5	-4.1	-5.4	-5.7	-5	-4.7	-4	-3.6	-5.8	-4.2	-4.4	-5.5	-5.5	-4.3	-3.6	-6.2	-4.9	-2.9	Null	-5.6	-5.1	-5.9	-6.2	-5.5	-3.2	-6.3
82	-9.2	Null	Null	Null	Null	-3.5	-3.4	-2.3	-2.9	-10.3	-0.1	-2	-7.3	-6.9	-2.1	-2.3	-3.5	-5.6	-5.1	-2.2	-5.1	-4.4	-4.4	-5	-5.3	-4.5	-2.7	-3.3	-4.7	-5.8	-3.8	-2.8	-6.3	-6.6	-3.4	-4.6	-4.1	-3.7	-6.6
83	2.4	2.6	2.1	4.1	3.1	0.8	1.6	1.9	2.7	2.6	3	2.4	3.1	3.1	2.9	3.2	3	2.4	3.5	1.8	2.1	2.6	2.6	2.2	3.8	3.6	2.3	2.1	2.4	2.3	1.6	4.2	2.7	2.7	4.1	2.6	2.6	3	2.9
84	-1.6	-0.6	-0.3	-1.2	-1	2.2	1.6	1.1	0.5	0.9	0.8	-1.2	1.1	1.1	-0.9	-0.9	-0.1	0.8	-0.3	-0.9	-0.2	0.3	0.1	0.3	0.1	-0.1	-1	-1.1	0.5	-0.4	-1.1	0.8	-0.3	0.1	1	-0.1	0	-1.2	0.1
85	0.3	-0.3	-0.4	-0.4	-0.2	2.1	0.6	0.9	-0.2	-1.1	-0.2	0.4	0.3	-0.8	0.4	0.2	0.5	0.1	0.3	-0.2	0.5	0	0	0	1	1	0.2	0.1	-0.2	-0.2	-0.8	2.1	-0.2	0.3	1.4	0.6	0.8	-0.6	-1.7
86	0.7	1.7	0.2	1.2	1	0.9	0.6	0.3	-0.2	-0.4	-0.2	0	-0.6	-0.7	0.4	0.2	-1.4	-1.8	-1.2	0.6	0.6	1.1	0.8	0.6	0.6	0.7	0.1	0	0.8	1.1	0.7	-2.4	0.9	0.6	-2	0.4	0.6	0.4	0.1
87	-0.9	-1.6	-6.6	1.5	-3.2	-2.9	-3.4	-3.7	-4.4	-3.4	-0.8	-1	-0.2	-3.3	-0.2	-0.3	-4.7	-4.3	-7.7	-1.9	-0.2	1.6	1.1	1.5	1.1	1.1	-3.7	-4.4	-0.7	-0.8	-2.7	-2.5	0.3	0.1	-2.3	0.8	1.4	-2.9	-3
88	0.5	0.4	1.2	0.3	-1	-1.1	-1.9	-1	-0.5	1.6	-1	-0.3	-0.8	-0.9	-0.3	-0.3	-1.9	-2	-1.4	-0.8	-0.3	0	-0.1	-0.1	-0.2	-0.5	-0.4	-0.6	-0.1	-0.5	0.3	-3.7	-0.5	-0.6	-2.4	-0.7	-0.6	-0.7	-0.2
89	1.8	2.4	1.6	1.9	2.7	1	2	2.3	2.9	2.6	3	-0.3	1.5	1.8	-2.2	0	3.2	3.2	2.3	1.7	0.8	0.4	0.7	0.8	-4	-3.7	-0.5	0.7	0.3	0.1	0.9	-0.8	-0.3	-4.4	-0.5	-1.3	-0.8	-1	1.1
90	0.2	1.1	1.2	0.5	0.4	1.3	1	0.3	0.7	1.6	1.3	0.6	0.4	0	0.6	0.6	-0.8	-0.6	0	0.6	0.9	1	0.9	0.7	1	1	0.9	0.7	1.2	0.9	1.1	-1.4	0.9	0.9	-0.8	0.4	0.7	0.6	0.7
91	1.8	2.3	2.2	3.2	1.2	1.6	2.3	2.1	1.5	2.7	3.9	3.9	2.4	2.2	3.7	3.1	2.9	1.4	2.5	0.2	0.4	1.8	1.9	1.7	1.8	1.9	1.8	2	2	3	2.6	4.2	4.1	3.2	3	1.4	2.4	2.6	2.8
92	1.4	2.4	-0.6	0.7	0.3	-0.2	0.1	0.1	0.1	0.9	0.8	2.3	1.3	0.4	2.3	1.9	0.3	-0.7	0.4	0.7	0.9	2	1.7	1.6	1.2	1.5	1.7	1.6	1.5	1.5	2.1	1.7	2.2	2.1	1.7	1	1.7	2.1	1.9
93	-1.4	-2.3	-1.1	-2	-0.5	-2.4	-1.6	-1.6	-0.8	0.8	-1.2	-3.4	-3.7	-3.4	-4.1	-3.3	-2.8	-2.5	-3.5	-1.6	-2.4	-2.8	-2.8	-3	-4.9	-4.6	-3	-2	-3.4	-3.5	-2.7	-5.7	-3.5	-4.6	-5.5	-4.1	-3.4	-3.7	-3
94	-0.5	-1.1	0.8	-1.1	-0.8	-0.2	-1.1	-0.1	0.2	1.6	-0.8	-2.8	-4.7	-4.4	-3.7	-3.3	-3.9	-3.5	-3.7	-2.5	-3.1	-2.6	-2.4	-2.6	-4.7	-4.2	-2.1	-1.9	-3	-2.9	-1.4	Null	-3.2	-4.6	-6.4	-3.7	-3.5	-3.4	-2.7
95	1.4	2.1	1.3	0.6	1.3	2.1	1.1	2.3	2.6	2.6	1.8	1	1.6	1.6	1.3	0.9	2.1	1.9	2.2	0.6	0.7	0.6	0.5	0.4	0.9	0.8	1.2	1.5	0.9	0.6	0.5	1.8	0.9	0.8	1.7	0.7	0.6	1.4	0.6
96	1.2	1	Null	-0.3	-0.4	-2.1	-1.4	-2.1	-0.6	Null	-3.2	1	0.3	0.3	1.2	0.9	-0.2	-0.1	-0.3	1	1.3	1.4	1.2	0.9	1.5	1.3	1.5	0.9	1.1	0.7	0.9	-1.1	1	0.8	-1.3	0.9	1	0.5	0.7
97	-0.4	-0.3	-1.6	-0.6	-1.6	-2.2	-1.2	-1.2	-0.5	-0.3	0	-0.3	-0.9	-0.6	-0.1	-0.5	-0.6	-0.7	-0.1	-1.2	-1.2	-0.4	-0.7	-0.8	-0.8	-0.8	-0.6	-0.6	-1	-1.2	-1.2	-1.1	-1.1	-1.3	-0.8	-0.9	-1.1	-0.8	-0.8
98	-1.1	0.2	-1.8	-1.5	-1	-3.7	-3.4	-3.5	-2.3	-4.4	-1.8	-1.4	-0.8	-1	-1.2	-1.4	-1	-1	-0.4	-1.8	-1.3	-1.2	-1.2	-1.4	-1.1	-1.2	-1	-1	-1.5	-1.5	-1.4	0.3	-1.7	-1.6	0	-1.3	-1.2	-1.2	-2.3
99	-3	-4.8	-6.7	-9.6	-10.1	Null	-10.2	Null	-10.5	-10.4	Null	1.2	-2.5	-5.6	0	2	1.6	-2	-0.2	0.9	1.4	-1.8	-0.2	-0.9	1.1	1.1	4.6	3.4	-3.4	1.7	1.4	1.7	0.5	0.1	-1.2	-1.2	-0.1	0.9	-4.2
100	1.1	4.1	4.1	3.9	2.7	4.8	4.6	3.6	3.8	5.6	2.8	3.1	2.6	1.7	3.3	3.4	2.7	2.4	3.3	3.9	3.6	3.9	3.5	3	5.8	5.5	3.7	3.1	2.6	5	4	3.7	4.7	4.1	3.2	4.4	4.3	3.9	1.9
101	-1	-1.2	-0.8	-2.1	-2	1.6	2.1	0.3	1	0.3	1.8	-1.3	-1.7	-1.2	-2.2	-1.6	-0.5	-0.6	-1.6	-0.6	-1.5	-1.9	-1.7	-1.5	-0.7	-0.6	-0.7	-0.1	-1.4	-1.2	-1.3	0.4	-0.5	-0.8	0	-1.3	-1.7	-1.9	-1.8
102	1.5	1.8	1	0.8	1.4	2.8	3.1	1.9	2.5	1.8	2.8	1.1	-0.2	0.3	1.4	1.2	-0.3	0	-0.8	0.7	0.9	0.7	0.9	0.5	1.4	1.2	1.4	1.1	0.9	0.3	1	-0.7	0.7	1	-0.7	0.4	0.5	0.9	1
103	3.3	3.1	2.1	3.2	3.1	1.8	2.9	2.1	3.9	0.6	1	3.5	3	3.1	3.7	3.6	2.4	2.6	2.2	3.1	3	3.1	3	2.9	3.1	3	3.2	3	3.3	2.4	2.3	1	3.1	3	1.9	2.5	2.7	2.7	3
104	0.3	0.2	0.1	-0.8	-0.2	0.8	1.4	0	0.6	0.6	0.8	0.1	-1.2	-0.8	0.2	0.1	-1.5	-1.3	-1	-0.2	0	0.1	-0.2	-0.2	-0.1	-0.2	0.2	0.2	-0.1	-0.7	0.1	-2.6	-0.4	-0.1	-2.5	-0.2	-0.2	0.1	-0.3
105	-0.4	0.4	-0.6	0.2	0.2	-1.2	-0.2	-0.2	-1.2	0.6	0	0.3	1.1	1.3	0	-0.2	1	0.9	1.3	-0.1	0.1	0.5	0.4	0.5	0.7	0.5	0.5	0.6	1.2	1	-0.2	1.1	0.9	0.3	1.4	0.7	0.6	0.6	0.4
106	-5.2	-5.2	5.2	-3.2	4.6	Null	-7.2	-7.7	-8.4	5.7	-6.2	1.3	4.7	3.9	2.4	2.5	0.9	2	-3.1	2.1	3.4	4.6	3.8	4	4.3	4.3	-7.2	-8.5	4.1	3.3	3.3	4.6	4.1	4.9	4.5	4	4.1	-1.4	4.6
107	1.3	-0.9	0.5	0	1.2	2.7	2.2	2.3	2.1	0.7	1.8	-1.1	0	0.3	-1.4	-0.8	0.6	0.7	-0.4	0.8	0.2	-0.4	-0.5	0	-0.8	-1.1	-0.8	-0.1	-0.5	-0.5	-0.5	-0.2	-0.5	-1	-0.2	-0.8	-0.5	-1.6	-0.3
108	3.8	3.7	4	3.2	3.5	4.8	5	4.3	3.9	4.6	3.8	3.6	3.1	3.4	3.4	3.1	4.9	4.8	4.7	3.1	2.6	2.3	2.6	2.1	2	1.8	3.3	3.5	2.4	2.1	2.3	3.2	2.2	2.6	2.7	2.7	2.8	3.8	2
109	1.7	1.8	1.9	2.1	1.7	1.6	1.6	1.1	0.7	1.6	0.8	1.5	2	2.2	2	1.8	1	1.4	1.1	1.5	1.8	2.3	2.1	2	1.9	1.9	1.5	1.1	2.5	1.7	2	1	2.1	2.3	1.8	2	2	1.5	2
110	-0.5	0.4	1.7	1.5	0.8	0.8	-0.2	-0.6	-1.4	2.8	0.8	3.2	3.1	3.8	3.3	3.3	3	2.2	3	3.5	3.6	2.6	2.3	2.5	4.6	4.4	2.9	2.9	2.7	3.6	3.3	5.3	3.5	3.9	4.8	3.5	3.7	3.5	3.7
111	2	1.7	2.4	1.3	1	1	0.7	0.8	0.5	1.8	0.8	1	0.7	0.5	0.9	0.9	0.3	0.5	0.6	0.3	1.3	1.2	1	1	0.5	0.4	0.5	0.4	0.2	0.2	0.4	-0.9	0	0.5	-0.1	0.5	0.9	0.5	0.3
112	6.6	Null	Null	Null	2.4	5.8	6.2	5.7	6.2	Null	5.8	2.6	3.1	2.6	3.7	2.2	2.5	2.7	3.8	0.1	0.9	2.5	1.8	2.1	3.7	3.5	4	3	2.9	3.8	2.3	5.3	4.1	4.3	4.8	3.8	3.7	4.7	2
113	4.4	3.5	4.2	4.3	4.6	4.1	4.1	4.3	3.7	4.7	4.1	3.7	5.9	7	3.4	3.5	7.4	7.2	7.2	4.4	4.4	4.5	4.5	4.4	4.6	4.9	4.7	4.7	5.3	5.7	4.3	7.6	4.8	3.8	7.2	4.1	4	4.2	4.5
114	-0.4	-0.4	-0.1	0.3	-1.2	-0.1	-1.1	0.3	0.8	0.7	-0.5	0.7	0.9	0.9	1.3	1.3	-0.3	-0.5	-0.1	0	0.9	1.4	0.8	1.3	1.7	1.6	0.3	0.3	1.7	0.9	0.2	1.8	0.9	1.9	1.7	2.1	2.3	0.9	0.5
115	Null	Null	Null	Null	-11.1	Null	Null	Null	Null	Null	Null	-8.2	Null	Null	-7.1	-7.3	Null	Null	Null	-9.6	-5.7	-10	-8.7	Null	-2.3	-1.8	Null	Null	-5.4	-1.6	Null	Null	-6.4	-4.5	Null	-4	-2.6	Null	-8.8
116	-2.1	-2.6	-3.1	-2.3	-1.5	1.6	0.6	2	1.8	-1.3	0.8	-2.3	-2.8	-3	-2.7	-3	-2.8	-2.6	-3.2	-1.9	-2.6	-2.1	-2.2	-2.5	-3.7	-3.7	-3.2	-3	-2.5	-2.9	-2.8	-5.3	-2.9	-3.3	-4.2	-3.5	-3.4	-3.1	-2.5
117	-0.5	-1.5	-1.5	-2.9	-1.3	-2.1	-1.4	-2.7	-2.1	-1.4	-1	-2.1	-2.3	-1.8	-2	-2.1	-1.6	-1.6	-1.5	-2	-2.4	-2.9	-2.6	-2.6	-4.1	-3.8	-1.8	-1.1	-2.6	-3.7	-2.8	-2.4	-2.9	-2.7	-1.9	-2.6	-2.9	-1.7	-2.3
118	-0.8	-0.9	-1	-1.1	-0.6	-2.8	-2.1	-2.6	-1.2	-3.4	-2.2	-1.5	-2.2	-1.8	-1.3	-1.4	-2.5	-2.2	-2.5	-0.9	-1	-1.4	-1.7	-1.5	-0.5	-0.6	-1.1	-1.1	-0.9	-1.3	-1.5	-3.3	-1.1	-1	-2.8	-1.2	-0.9	-1.3	-1
119	-8.2	-7.3	-8.1	-10.8	-8	-9.2	-7.3	-9.5	-9.4	-7.4	-7	-8.3	-6.3	-6.8	-10.3	-9.1	-8.3	-5.5	-10	Null	-8.1	-9.4	Null	-7.1	-9.9	-8	Null	Null	-8	-9.7	Null	-8.2	-8.9	Null	-9.2	-9.6	-7.6	Null	-7.5
120	0.4	-1.9	-5.9	-2.5	4.7	-0.7	-0.1	-0.7	-0.4	-5.4	0.8	-1.6	-3.1	-7	-0.5	-0.5	-4.8	-4.3	-7	-3.4	-0.1	-0.7	-1.1	-0.9	2.1	2.2	-3.5	-5	-2.1	-0.1	-4.4	0.2	1.3	1.2	-0.5	0.6	0.8	-3.6	-0.4
121	-7.2	-10.6	-12.3	-13.8	-2.1	Null	-10.4	-8.3	-9.4	Null	-9.2	-7.4	-9.7	Null	-6.9	-6.1	Null	-9.8	Null	-9.5	-5.3	-5.5	-7.3	-5.7	-6	-6.9	Null	Null	-7	-6.7	-9.3	-8	-6.3	-4.6	-9.1	-5.9	-6.5	-9.9	-7.4
122	-4.8	-9.7	-6	-2.6	-5.3	-9	-7.2	-9.7	-5.4	-9.4	-8.7	-8.1	Null	-8.9	-5.9	-8.3	-8.3	-7.1	Null	-6.2	-5.9	-7.3	-6.6	-8.3	-7.5	-6.8	-10.1	-8	-6	-7.6	-5.1	Null	-8.1	-6.8	-6.6	-6.6	-6.3	-6.8	-7
123	-3.6	-5.1	4.4	-1.6	4.4	-3	-4	-4.3	-5.5	4	-3.2	-0.4	-1	-6.3	1.2	1.2	-4.1	-3.6	-7.2	-3	-0.4	-0.6	-2	-4.2	1.7	1.3	Null	-7.8	-3.5	-2.5	-3.5	-1.1	-2.6	-1.2	-0.9	-0.5	0.9	-5.3	-4.5
124	-0.9	-3.2	3.6	2.4	4.1	-5.4	-7.4	-5.3	-6.3	4.3	-3.2	1.5	2.7	0	2.9	3.3	1.2	1	-2.4	1.5	4	2.8	2.4	1.7	4.2	4.1	-6.8	-5.4	1.9	1.6	1.3	4.5	1.3	2.2	4.9	3.2	3.6	-2.2	3.1
125	-7.9	-8.4	-4.2	-4.4	-4.2	-6.2	-6.3	-7	-7.5	-5.8	-6.2	Null	-1.5	-1.1	Null	-13.5	-1.8	-6.3	-1.9	-4.2	-6.6	-5.9	-5.8	-4.5	Null	Null	2.1	2.5	-3.6	Null	-5.5	Null	-7.2	-3.2	-7	Null	-6.2	-7.9	-4.1
126	-4	Null	2.5	-0.4	2	-10.2	Null	-10.7	Null	1.6	-8.8	1.4	2.3	-0.9	2.5	2.8	1	1	-2.8	1.2	3.4	2.5	2.1	1.3	4	3.9	-6.2	-5.9	1.9	1.9	0.1	3.7	0.9	0.8	3.5	2.8	3.1	-2.9	0.9
127	2.7	3.3	2.6	2.4	3.1	1.1	2	2.3	3	2.6	2.4	1.6	2.4	2	1.3	1.6	2.7	2.8	2.6	2	2	1.5	1.4	1.4	2.4	2.3	2.4	2.6	1.9	2.1	1.7	3.4	2.3	1.9	2.9	1.8	1.8	1.9	1.5
128	2.6	1	2.8	0.4	2.8	-3.2	-2.4	-3.1	-1.8	4.7	1.3	-0.8	-2.7	-3.8	1.5	-0.3	-1.1	-2.3	3.2	-0.4	-1	0.6	0.1	-1.3	0	-0.1	-0.8	-0.7	-2.7	-1	0.3	0.6	-1.1	0.6	0.2	0.5	0.5	4.5	-3.6
129	1.7	1	1.1	1.6	1.8	-0.2	1.3	0.6	2.2	-0.4	0.8	1.9	2.8	3.3	1.6	1.4	2.9	3	2.5	1.7	2.1	1.7	1.6	1.7	1.9	1.8	1.7	1.8	2.8	2	1.5	4.1	1.8	1.5	4.2	1.9	1.9	1.5	2.1
130	3.2	3.6	3.7	3.9	3.4	3.9	4	3.3	2.9	4.7	3.8	3.2	4.3	4	3.3	3.3	3.4	3.7	3.6	3.3	4	4.1	3.8	3.6	4.2	4.1	3.3	2.9	3.7	3.6	3.5	4.5	3.8	3.6	4.7	3.6	3.6	3.2	3.9
131	2.8	3	2.9	2.9	2.8	1.4	2.3	1.3	3	-0.4	1.3	3.3	3.5	3.4	3.2	3.1	3.3	3.9	3.1	3.7	3.9	4.1	3.7	3.7	3.8	3.9	4	3.7	4	4.3	4	4.5	4.1	3.9	4.3	3.9	4	3.2	4
132	-4.1	-3.3	-1.6	-3.3	-3.5	-10.2	Null	Null	-9	-3.4	-8.2	-6.3	Null	Null	-5.5	-6.8	Null	Null	Null	Null	-7.3	-8	-6.3	-8.5	-9.6	-6.5	Null	Null	-8.7	-7.9	-4.9	Null	Null	-8.3	Null	-7.9	-6.7	-4.3	-4.5
133	Null	Null	-9	Null	-10.2	Null	Null	Null	Null	-10.4	Null	-13.5	Null	-11.9	Null	Null	Null	Null	Null	-5.9	-9.3	Null	Null	Null	Null	Null	Null	Null	Null	-8.3	-7.2	Null	Null	Null	Null	Null	Null	-13	Null
134	Null	Null	-9.7	Null	Null	-9.2	Null	Null	Null	-5.3	-10.2	-7.7	Null	Null	-7.1	Null	Null	-8.7	Null	-8.4	-6.6	Null	-7.5	-8.8	-6.4	-8.4	-8	-8.3	-8.8	-9.6	-7.3	Null	-8	-8.7	-8.7	Null	-6.8	-9.5	Null
135	-8.1	-8.5	-10.8	-9.3	-9.6	-7.2	-8.1	-9.1	-6.3	Null	-9.3	Null	-8.8	Null	-11.8	-12	Null	-10.4	Null	Null	Null	-10.6	-11.3	-9.5	-11.1	Null	Null	Null	-9.2	-9.4	-7.5	-9.9	-10.1	-9.4	-10.5	-11.4	Null	-11	-11.1
136	-7.4	-4.4	-3.7	-3.9	-6	-6	-6.1	-5.7	-5.8	-6.4	-6.1	-5.8	-6.4	-6.7	-5.3	-5.4	-8	-8.5	Null	-6.2	-5.2	-7.1	-7.5	-6.7	-3	-3.4	-5.9	-7	-4.4	-4.3	-4.3	-2.2	-3.2	-3.9	-2.5	-4.7	-4.5	-5.4	-4.8
137	Null	Null	Null	-13.4	Null	Null	-9.6	-10.7	Null	-10.4	-8	-6.2	-6.6	-8.2	-4.2	-5.7	-9.1	-11.2	-5.9	-9.8	Null	-7.2	-8.6	-6.3	Null	-12	Null	Null	-10.8	Null	-11	Null	-9.1	-11.3	-10.2	-8.9	-10.4	-3.1	-5.9
138	-0.7	Null	Null	Null	Null	0.7	-0.4	0.8	1.1	-2.2	0.8	-2.9	-3.9	-4.9	-1.9	-1.5	-2.8	-4	-1.2	-3.2	-2.4	-5.5	-6.3	-6.5	1.5	1.2	0.5	-0.1	-0.2	0.6	-1.1	-0.5	-0.7	1.3	-0.4	0.6	0.6	0.4	-0.5
139	1.4	0.1	2.2	1.7	2.7	2.8	2.3	2.3	2.2	2.3	1.8	0.5	0.5	0.3	0	0.6	1.8	2.1	1	1.9	1.3	0.7	0.9	0.6	0.3	0	1.4	1.6	0	0.3	1.4	0.9	0.8	0.1	0.8	0.3	0.5	0.2	0.4
140	0.5	0.1	1.2	1	1.6	0.9	1.6	1.4	0.6	2.6	1.9	1.2	1.3	1.6	1.4	1.2	1.7	1.7	1.6	1.1	1.2	1.1	1	0.8	1.2	1.2	1.3	1.2	1.3	1.4	0.9	2.5	1.3	1.4	2.6	1.3	1.4	1.5	1.1
141	1.7	-0.4	1.4	1.4	1.5	1.9	1.7	1.5	1.5	0.7	0.8	-2.1	-1.1	-2.3	-3.3	-1.9	0.9	0.8	-0.1	0.2	-0.5	-1.5	-1.2	-1.8	-2.8	-2.5	-1.4	0.1	-2.4	-1.7	-1.3	-1.7	-2	-4.6	-2.7	-3	-2.2	-2.1	-3.5
142	1.1	0.7	-4.8	1.7	-1.5	1.4	1.7	0.3	1	-3.4	1.8	0.5	1.3	1	0.8	0.5	0.3	0.5	0.6	0.4	0.4	2.3	1.7	2	0.3	0.6	0.2	-0.1	1	0.7	0.9	1.3	1	2.3	1.2	1	1.2	0.5	1.8
143	-1.8	-1.2	-1.8	-1.1	-3	-0.2	-1.4	-0.3	0.5	0.6	0.5	-0.5	-0.2	-0.1	-0.4	-0.4	-2.3	-2.6	-1.5	0.2	0.1	0.4	0.2	0.2	-0.3	-0.4	-0.9	-0.9	0.3	-0.6	0	-3.1	0	0.4	-1.5	-0.3	0	0.8	0.6
144	-0.3	-0.1	2.1	-0.2	2	0.8	0.9	0.9	1	-0.2	-0.2	0.2	1.1	0	0.4	1	0.5	0.6	0.4	0.3	1.7	1.6	1.4	0.9	1.5	1.1	-0.1	-0.6	0.8	1	1	2.3	0.9	1.2	2.5	1.2	1	0.3	0.8
145	1.8	2.3	1.4	1.5	1.8	0.9	0.6	0.7	0.5	-0.9	0.8	2.8	3.7	4.4	2.6	2.5	3.8	3.6	4.3	1.3	1.8	2.3	2.4	2.5	0.9	1	2.6	2.4	3.3	1.8	1.8	5.3	2.4	2.2	5.4	2.3	2.3	2.6	2.5
146	1.2	1.4	-0.8	0.4	-0.5	2.8	2.7	2.5	2	1	1.8	-0.1	-0.4	-0.1	-0.5	-0.1	1.1	0.4	1	-1	-0.5	-1.9	-1.4	-2	-0.3	-0.6	0.4	0	-1.3	-0.5	-0.9	1	0.1	-1	0.4	-1.5	-1.2	-0.1	-2.8
147	0.1	0.4	1.4	0.4	-0.1	1.1	1	1.3	1.3	1.6	0.8	0	-0.3	-0.7	0.2	0	0	0.2	-0.2	0.4	0.6	0.3	0.2	-0.3	0.6	0.3	0	0	0.2	0	0.3	0.6	0.1	0	0.7	0.2	0.2	0	-0.1
148	-0.8	-0.3	-0.6	-1.7	-0.1	-0.3	-1.3	-0.5	0	1.2	-0.2	-0.6	-1.7	-1	-0.4	-0.7	-1.7	-1.4	-0.9	-0.9	-0.7	-1	-1.2	-1.6	-0.8	-0.8	-0.6	-0.6	-0.4	-1.3	-0.7	-2.4	-1.1	-0.9	-2.3	-1	-0.9	-0.6	-0.9
149	1.2	0.3	-0.1	-0.6	0.4	-3.2	-2.3	-2.3	-1.5	0.7	-0.5	1.1	0.5	1	1.1	1	-0.2	-0.2	0.2	0.9	1.3	1.4	1.1	1	1	0.9	1.3	0.9	1.5	0.4	1.3	-1.1	0.8	1.1	0	0.9	1	1.2	0.8
150	1	-0.1	-0.7	-0.2	0	-0.3	-0.4	0.1	-0.2	-0.4	-1	-1.2	0	0.1	-1	-1.2	-1.7	-0.9	-2.1	-1.1	-0.7	0.4	0	0	-0.2	-0.4	-0.8	-1.8	0.5	-0.3	-0.7	-1	0.1	-0.4	-0.5	-0.3	-0.4	-0.7	0.5
151	-0.2	-0.4	-0.2	-0.5	-0.2	0	-0.4	-0.3	-1	-2.2	-1.2	-0.9	-1.9	-1.5	-1.1	-1.3	-1.9	-2.2	-1.5	-1.6	-1.2	-1.5	-1.5	-1.8	-1.3	-1.6	-0.6	-1.2	-1.2	-1.7	-1.2	-3	-2	-1.5	-2.4	-1.4	-1.5	-1	-1.9
152	3	3.1	Null	2.5	Null	2.1	2.6	2.1	3.5	Null	0.8	2.3	3	2.9	2.1	2.3	2.2	2	1.6	2.8	2.9	3.5	3.5	3.6	2	1.9	2.3	2.4	3.1	3.1	3	2.4	3.2	2.1	2.7	2.2	2.9	2.3	3.1
153	-4.6	2.4	-6.4	5.4	-3.8	4.6	4.7	5.1	4.8	-3.3	2.8	3.2	4.3	4	4.3	4.3	2.9	3	0	5.6	5.4	4.1	3.5	3.8	6.9	6.9	3.5	2.1	5.6	5.9	5.6	5.9	5.9	5.5	5.8	5.3	5.4	1.6	5
154	-0.9	-1.1	-0.7	-0.4	-0.5	-1.6	-3.4	-2	-2.3	0.2	-2.2	-0.9	-0.5	-0.3	-1.4	-1.7	0	0.1	-0.3	-1	-1	-1.2	-1.1	-0.7	-1.1	-1.4	-1.3	-1.4	-1.2	-1	-1.2	0.3	-1.9	-1.7	-0.1	-1.7	-1.6	-1.9	-1
155	-0.4	-1.2	-2.6	-3.2	0.2	-0.2	-0.1	-1.7	-1.3	-0.8	0.8	1.5	-1.2	-0.9	1.6	1.3	0.1	-1.1	0.5	0.4	-0.2	0.2	0.2	0	0.9	1.1	1.8	1.3	0	0.7	0.7	-0.7	1.1	1.2	-1.4	0.7	0.7	2.1	0.1
156	Null	Null	Null	Null	Null	Null	Null	Null	Null	Null	Null	-7.4	Null	Null	Null	Null	Null	Null	Null	Null	Null	-9	Null	Null	Null	Null	Null	-9.1	Null	Null	Null	Null	Null	-8.8	Null	-9.5	Null	Null	Null
157	3.7	4.7	3.2	5.2	3	5.9	5.7	5.3	5	3.6	4.8	5	4.8	5.1	5.1	4.6	5.3	5.2	5.9	4	4	4.5	4.4	4.5	4.6	4.6	5.9	5.8	4.6	4.5	3.7	6.5	4.7	4.5	6	4.4	4.1	5.1	4.1
158	4	9.5	-3.4	3.8	-1.2	5.8	5.6	4.8	4.8	1.6	5	10.2	5.9	7.1	9.7	10	9	6.5	9.5	8.8	8.5	7.6	8.4	8.1	7.9	7.8	9.7	9.5	6.6	9.2	9.5	8	9.1	8.8	6.6	6.6	7.8	10.6	6
159	-1.5	-1.9	3.9	1	-1.2	1.9	2.8	1.7	1.5	2.6	-1.9	-0.3	4.1	3.5	-0.7	0	-0.1	0.8	-2.6	0	-0.9	2.7	2.2	2.4	-1.7	-1.6	-1.1	-0.9	3.7	0.8	2	3.8	1.8	2.8	4.3	1.6	2.1	-2.2	3.2
160	Null	Null	Null	Null	Null	Null	-10.4	Null	-8.6	Null	-8.2	-8.5	Null	Null	-7.6	-9.7	-7.2	-9.1	-5.3	-8.7	Null	Null	-9.8	Null	Null	Null	-7.8	-5.7	Null	Null	-7.8	-9.1	Null	Null	Null	Null	Null	-9.1	Null
161	-2.8	-0.9	0.2	-0.3	-1.2	-1.7	-2.5	-0.5	-3.5	-0.4	-3.2	1.7	-0.4	-2	0.4	0.6	1.6	0	2.1	0.3	0.1	-0.6	-0.2	-1	-1.1	-1.7	0.8	0.9	-0.9	0.3	0.3	-2.2	-1.2	-1.2	-1.9	-1.8	-1	1.2	-1.7
162	3.5	3.1	2.1	3.1	2.4	2.6	1.6	2.5	2.9	3.1	2.8	2.8	3	3.1	3	2.8	3.4	3.6	3	2.7	2.2	2.4	2.4	2.3	2.5	2.4	2.9	2.9	2.7	1.8	2	2.5	2.4	2.2	2.7	2.5	2.2	2.3	2.6
163	3	0	-6.2	0.7	-4.1	-1.2	20.9	-1	-1.5	-5.7	-1.1	0.7	-1.9	-2.7	0.6	0.2	-0.8	-1.4	0	0.2	0.8	-0.8	-0.6	-1.4	0.7	0.6	0.3	0.5	-1.4	1	0.8	-2.7	0.5	-0.1	-2.2	0	0.3	1.4	-2.9
164	-5.9	-3.9	-2.7	-1.4	-0.3	-3.6	-4.2	-5.5	-5.5	-5.2	-2.2	-4.5	-2.5	-3.2	-4.3	-4.1	-4	-2.6	-5.4	-1.8	-1.3	-3.7	-3.7	-3.8	-2.1	-1.8	-5.8	-6.5	-1	-0.7	-0.3	-1.6	-3.1	-1.2	-2.1	-1.6	-1.8	-2.5	-3
165	3.1	2.9	-9.9	-3.7	-5.2	1.8	1.6	2.4	1.6	-8.4	1.9	4.4	3.8	3	3.8	3.7	2.7	1.8	2.8	3.6	2.8	3.2	2.8	3.5	2.6	2.7	3.7	3.6	4.6	1.9	3.7	1.8	3.8	4.2	2	3.9	3.6	3.8	4.4
166	2.7	2.9	2.2	3.2	2.3	2.2	2.6	1.6	2	2.7	2.9	2.7	2.1	2.5	2.7	2.6	1.8	1.9	1.9	2.1	2	2.1	2	2	2.1	2	2.3	2.2	2.9	2.2	1.9	1.4	2.5	2.4	1.6	2	2.2	2.4	2.8
167	0.1	-1.6	-9	-0.5	-6.4	0.8	1.5	0.7	2.5	-6.4	-0.1	2.6	-0.6	-0.1	2.5	2.8	2.2	0.8	3.4	0.3	0.9	-1.2	-0.1	-0.4	0.7	0.4	1.9	1.3	-0.1	0.2	0.8	1.5	0.7	0.6	1	0.1	0.8	3.1	-0.6
168	1.2	2.3	-5.4	2.3	-4.7	0.9	1.6	1.1	2.5	-7.4	0.1	3	3.9	4.6	3	3.2	4.6	4.7	4.7	2.4	2.7	3.4	3.3	2.8	2.9	3.3	3.1	3	3.1	3.2	2	5.7	2.7	2.3	5	2.8	2.9	3	2.5
169	-2.6	-4	-2.1	-3	-2.5	-4.2	-5.4	-5	-5.5	-3.3	-5.2	-4.5	-0.9	-1.7	-4.1	-4.7	-3	0.2	-4.9	-1.3	-1.5	-3.9	-4.1	-4.4	-3.5	-2.8	-4.8	-4.8	0	-0.9	-1.7	-4.9	-3.5	-4.2	-3.1	-3	-2.8	-4.6	-1.7
170	-7.8	Null	-6.9	-1.2	-1.7	-1	-0.4	-0.5	0.4	-1.4	1.6	-3.6	0.3	0.6	-3	-2.6	-2.7	-2.3	-4	-1.9	-2	-2.9	-3	-2.8	0.7	0.4	-0.6	-1.2	-0.3	-1.2	-3	0.8	-0.5	-0.6	2	-0.4	-1.1	-0.5	-0.3
171	3.3	3.6	2.9	3.5	2.6	0.9	1.6	1.5	2.1	2.6	3.3	2.7	3.2	3	3	2.7	3.3	3.4	4.1	2.2	3.3	3.7	3.7	3.1	1.8	1.8	3	2.9	2.6	2.5	2.4	5	1.9	3.3	5	3.1	3.2	4.1	1.3
172	2.1	3.3	2.2	1	2.2	2.8	2.6	2.3	1.6	2.6	1.9	1.7	2.3	3	1.9	1.9	1.6	1.9	1.3	1.8	2.2	2.3	2	2.3	2.5	2.4	1.4	1.3	2.3	1.9	2	2.7	2.2	2.8	2.7	2.1	2.3	1.8	2.5
173	2.4	1.4	3.3	2.1	2.1	2.5	2.6	2.4	2.3	2.7	1.8	1.8	2.2	1.5	2	1.9	2.6	2.7	2.7	1.3	1.3	0.7	1	0	0.9	0.8	2.8	2.8	1.6	0.2	0.9	1.9	1	0.9	1.9	1	0.8	2.5	-1.1
174	1.6	1.6	1.4	1.6	2.2	2.9	2.6	2.4	2.5	0.6	1.8	1.5	2.7	3	1.7	1.5	3	3.2	2.8	1.5	2	1.6	1.7	1.6	1.7	1.6	1.8	1.8	2.2	1.9	1.5	3.9	1.9	1.9	3.8	1.8	1.6	1.5	1.9
175	Null	-7.5	-7.2	Null	Null	Null	Null	Null	Null	-5.4	-8	-3.4	-5.2	-6.9	-2.3	-1	-8.5	Null	Null	-5.2	-3.8	-6.4	-4.7	-8.3	2.8	2.4	-6.8	Null	-7.4	-5.1	-3.2	-7	-8.9	-4	Null	-4.1	-3.5	Null	-7.2
176	-1.1	-0.5	-2.2	-1.3	-3.9	-5.9	-6.4	-6.5	-6.5	-5.4	-1.5	0.6	1.3	0.8	0.4	0.1	0.1	0	0.7	-0.4	-0.2	0	0.4	0.4	-1.1	-1.4	1.2	1	1.4	-1.2	0	-0.4	-0.5	0.5	-0.4	0.1	-0.4	0.8	1.3
177	1	1.8	2.1	1.1	1.6	0.4	0.6	-0.4	0.2	1.6	1.4	2.5	2.8	2.7	2.5	2.4	3.1	2.7	3.5	2	2.6	2.2	2.2	1.8	2.4	2.2	2.7	2.3	2.8	2.4	2.2	4.1	2.1	2.8	4.1	2.8	2.7	2.7	1.4
178	-3.7	-4.4	-4.2	-1.7	-0.3	-4.2	-6.4	-6.5	-8.5	-8.4	-4.1	-0.3	-1.5	-1.4	-0.5	-0.9	-0.7	-2.6	0.4	-2.3	-2.7	-2.1	-2.2	-2.5	-1.7	-2.1	-1.1	-1.5	-1.9	-2.5	-1	-1.3	-2.6	-0.7	-1.6	-2.4	-1.9	0.1	-3.5
179	-0.6	-0.4	0.7	0.9	3.4	-0.7	-0.3	0.1	-0.2	1.8	-0.1	0.1	1	1.7	-0.4	-0.2	-0.6	-2.6	-0.5	0	-0.2	-0.2	-0.1	-0.1	-0.4	-0.3	0.9	0.8	-0.2	0.2	-0.7	2.2	0.7	1	2	-0.1	0	-0.2	-0.3
180	-2.5	1.1	0.3	0.4	-0.2	-4.4	-4.6	-6.7	-6.7	-1.4	-3.2	-0.4	-0.8	-0.5	-1	-0.4	0	-1	-0.1	-0.8	-0.7	-1.3	-0.8	-0.7	-0.8	-1.1	-0.4	-0.5	-2.1	-2.3	-0.5	0.6	-1.4	-0.6	0.4	-0.6	-0.5	-0.5	-1.4
181	1.4	-0.1	-0.1	2	0.5	0.3	0.4	0.8	-1.5	-1.3	-0.2	1.6	2.5	3.8	2.4	2.4	3.3	2.9	3.2	2.2	2	2.1	2.2	1.8	0.9	1.7	2.4	2.3	2.3	2.2	1.9	4.4	2	1.5	4.2	1.5	1.8	2.3	1.9
182	4.9	5.1	Null	4.9	-4.8	6.7	6.6	6.8	6.7	Null	5.8	5.7	8.8	8.9	5.7	5.9	7.4	7.8	6.9	5.9	6.1	6.7	6.3	6.9	6	6.2	5.8	5.7	7.7	6.5	5.7	9.7	7.5	7.8	9.9	7.2	6.8	5.9	8.1
183	-2.8	-2.9	-3.3	Null	Null	-1.6	-1.4	-1.3	-1.2	-1.1	-1.2	-1.3	-2	-2.8	-1.9	-1.4	-2	-2.6	-1.6	-2.4	-1.4	Null	Null	Null	-2.1	-2.3	-1.5	-1.7	-1.5	-2.5	-2.6	-1.2	-3.1	-2.7	-1.1	-2.7	-2.4	-1.9	-2
184	-4.7	-5.2	Null	-1.5	0.7	-3.8	-3.4	-3.4	-3.1	-7.4	-3.1	0.3	-1.2	-0.5	0.1	0.6	1.5	0	1.7	-3.2	-4.3	0.2	1.4	0.3	-1.5	-1.3	0.3	0.3	-5.5	-3.3	0.2	3	1.7	0.8	2	-0.6	-0.5	1.1	-5.7
185	-2.1	-1.3	0.6	-0.4	0.7	-0.1	-0.4	-0.3	-0.5	0.6	-1.1	-0.6	1.2	1.1	-0.4	-0.4	0.8	1	0.9	-0.7	0.2	0	0.1	-0.2	-0.9	-0.8	-0.8	-0.7	0.4	-0.3	-0.5	1.9	-0.6	-0.3	2	0.1	0.2	-0.4	0.3
186	0.4	0.7	1.9	0.9	1.6	1.2	1.6	0.4	0.7	1.6	1.3	-0.4	0.9	0.8	0.2	0.4	0.5	0.9	-0.3	0.9	1.3	0.4	0.1	0.2	1.3	1.5	-0.2	-0.1	0.3	0.9	0.7	2.8	1	0.8	2.5	0.7	1	-0.4	0.5
187	2.4	4.1	1.7	3.2	1.5	4.9	4	4.5	3.5	3.6	4.6	4.2	1.3	1.9	3.5	4.2	2.3	0.5	2.7	3.5	2.8	2	2.2	2.1	3.7	3.6	4.7	4.3	2.7	3.2	2.8	0.9	3.8	3.4	1.1	3	2.9	3.8	2.6
188	2.7	3.4	2.2	1.4	1.7	2.4	3.1	3.3	4.1	2.6	4.3	2.1	3	3.1	2.1	2	2.7	2.7	2.9	1.9	2.2	2.1	2.2	2.2	2	1.8	1.8	1.7	1.9	1.9	2.1	3.6	2.1	2.3	3.8	2	2.2	2.4	2.1
189	5.6	3.1	5.2	4.4	5.7	6	5.8	6.5	5.5	4.6	5	3.7	2.7	2.9	4	3.7	3.1	3.4	2.5	3.9	3.8	4	3.9	3.5	4.9	4.8	4.3	4.6	3.9	4.3	3.1	0.9	4	3.4	1.2	3.8	4	3.7	3.4
190	6.3	6.4	3.8	5.2	5.2	5.3	3.6	4.8	5.1	5.6	4.9	4	4.2	4.3	3.8	3.8	4.9	4.7	4.9	4.7	4.3	3.7	3.6	3.5	4.2	4.1	4.6	4.7	4.5	4.3	5.2	3.9	4.5	2.8	3.6	3.2	3.5	4.8	3.8
191	6.2	4.9	7.7	4.8	8.2	6.3	5.8	5.3	4.6	8.6	6.1	6	8.4	7.3	6.3	6.4	6.5	7.5	6.7	6.5	7.6	7.2	6.6	6.5	8.1	8.2	6.8	6	8	8.1	5.9	8.9	7.9	8.9	8.9	7.9	7.8	6.5	8
192	3.7	5	4.2	4.2	3.5	6.8	6.3	6.3	5.8	5.1	5.8	3.9	2.5	2.4	4.5	4.2	3.5	3.9	3.5	3.4	3.2	3.5	3.8	3.2	3.6	3.4	4.4	4.6	3.6	3	2.7	1	3.3	3.1	1.7	3.5	3.1	3.5	3.3
193	-1.2	-1.3	-1	-1	-1.7	-2.2	-2.2	-1.7	-2.6	-2.7	-3.2	-2	-2	-1	-1.6	-2	-0.3	-0.2	-0.8	-1.6	-2	-2.3	-2.3	-2.9	-2.2	-1.7	-1.1	-0.7	-1.5	-1.4	-2.9	-2.1	-2.3	-3	-2.5	-2.5	-2.6	-2.4	-1.7
194	2.8	0.7	1.7	0.7	0.4	1.4	2.7	3	3.7	3.7	2.8	0.5	1	1	1.1	0.8	0.6	1	0.5	1	0.6	1.2	1	0.9	1.4	1.5	1.6	1.8	1.7	1.3	0.3	-1.8	1.3	0.6	-1.1	0.8	0.9	0.8	1.2
195	-0.4	0.4	-0.1	0	0.4	-0.2	-1.3	-0.1	0.4	1.2	-0.2	0	-0.1	0	-0.1	0	0	-0.3	0	-0.2	0	0	-0.1	0	0.4	0.4	0.3	0.1	0.3	0.2	-0.2	0.8	0.4	-0.2	0.6	-0.1	0	0	0.1
196	-0.6	0	2.9	0	2.2	0.6	0.6	1.2	1.4	4.1	0.8	1.4	0.9	1	1.1	1.2	0.9	0.6	0	1	1.3	2	1.7	1.9	0.6	0.5	0.3	0.3	0.5	1.2	2.4	1.3	1.9	1.8	1.2	1.1	1.6	0.8	0.8
197	-3.1	-2.2	Null	-2.1	Null	-2.5	-2.5	-0.9	-1.5	-8.1	-0.2	-4.7	Null	-8.1	-5.9	-4.4	-5.6	-8.2	-8.9	0	-2	-9.4	-7.9	-7.4	-1.7	-1.8	-0.7	-1.7	-10.3	-3.8	-3.3	-3.4	-2.3	-7.2	-5.5	-11.7	-10.1	-5.4	-8.8
198	-4.7	-7	-2	-0.8	-3.7	-2.4	-2.4	-2.7	-1.7	-1.4	-1.7	-1.4	-1.7	-3.7	-0.9	-0.8	-2.6	-3	-2.7	-1.5	0.2	-0.5	-0.6	-0.7	-0.8	-1.2	-2.5	-2.3	-1.4	-1.5	-0.5	-2.8	-2	-1.1	-2.3	-1.3	-0.7	-1.2	-3.1
199	-9.7	-8.6	Null	Null	-9.4	-8.2	-7.4	-8.6	-8.8	-9.4	-7	Null	Null	-7.9	Null	Null	Null	Null	Null	-4.6	-6.6	Null	-9.3	Null	-9.8	Null	Null	Null	Null	Null	-4.8	Null	Null	Null	-8	Null	Null	Null	Null
200	5.4	5.7	2.5	4.9	2.6	4.8	3.9	4.3	4	1.6	3.8	5.7	4.4	5.3	5.3	5.2	3.8	3.7	4.3	5	5.3	5	4.5	5	5.6	5.6	5.2	4.7	5.2	5.2	6.3	3.9	5.6	5.3	4.4	4.5	4.7	5.3	4.8
201	2.5	1.4	2.9	1.5	0.6	6	4.6	4.5	3.8	1.6	2.8	1.5	1.2	1.1	1.5	0.6	1.2	0.8	2.4	0.1	0.3	0.7	0.5	0.6	1.2	1	1.3	1.9	-0.7	0.3	1.4	2.2	0.8	0.7	1.2	0	0.4	1.7	-0.2
202	0.5	1.5	-5.9	-9.1	-3.4	0.1	1.7	-0.6	-0.6	-6.3	-1.2	-4	-1	-1.1	-5.6	-5	-3.9	-3.9	-1.7	-4.3	-4.4	-3.8	-3.5	-2.7	-4.5	-4.1	-2.4	-2.3	-1.7	-4.7	-2.1	-3.5	-2.7	-2.1	-1.7	-6.6	-5.9	-1.1	-0.5
203	Null	Null	Null	Null	Null	Null	Null	Null	Null	-6.4	Null	-2.5	-1.1	-5.9	-2	-1.7	-5.1	-3.9	-3.8	-3.3	-0.4	-2.1	-1.9	-2	-0.8	-1.1	-2.9	-2.4	-3.4	-2.1	-2.7	-3.8	-2.4	-0.3	-2.1	-2.3	-1	-3	-4.9
204	2.6	1.5	0.5	0.4	1.2	0.8	1.1	1.3	2.1	2.6	2.5	1.4	1.7	1.2	1.8	1.5	1.8	1	2.5	1.1	1.9	1.6	1.6	1.1	2.2	2.1	2.2	2.1	1.7	2.2	2.2	2.9	1.9	2.4	2.3	1.8	1.6	2.4	1.5
205	3.8	2.5	2.2	3.5	2.2	1.1	1.7	1.3	0.5	3.6	2.8	3.4	3	2.8	3.8	3.4	2.2	2.4	2.7	3.1	3.7	3.6	3.3	3.4	4.4	4.4	3.5	3.6	3.7	4.5	4.8	3.8	4	4.6	3.5	4.2	4.4	3.8	3.7
206	1	-0.7	-1.1	1.6	0.4	0.7	1.9	2.3	3.2	1.6	3.2	0.4	0.3	0	0.4	0.2	0.8	0.8	0.9	0.7	0.3	0.9	0.9	0.7	-0.3	-0.3	1.3	1.6	0.4	0.3	0.9	-2.4	0.1	-0.8	-1.5	-0.5	-0.1	-0.1	0.8
207	-2.2	-2.6	-3.9	-4.2	-2.9	-1.5	-1.4	-1.3	-1.2	-1.4	-0.9	-4	-4	-3.8	-3.6	-3.8	-5.5	-5	-5	-3.2	-2.9	-4.1	-4.6	-4.4	-1.7	-2.2	-3.1	-3.5	-2.2	-1.9	-2.7	-4.3	-2.4	-2.7	-4.2	-2.5	-2.6	-3.7	-2.3
208	0.6	1.6	1.6	1.2	0.9	0.6	0.6	0.3	1.5	-1.4	0.4	1.4	3.1	2.7	1.3	1.4	1.8	1.9	1.4	1.2	1.1	2	1.5	2	2.1	2.1	1.5	1.5	2.6	1.3	1.3	3.8	2.3	2	3.8	1.4	1.7	1	2.5
209	1.1	2.5	1.5	1	1.3	0.2	0.6	-0.1	1.3	-2.4	-0.7	2	1.6	1.8	2	1.7	1.4	1.3	1.7	1.4	1.4	1.7	1.6	1.8	2	2	1.8	1.6	1.3	1.5	1.5	2.1	1.6	1.6	2	1.4	1.3	1.7	1.9
210	-0.2	0.7	1.5	-0.2	0.6	1.2	1	0.3	-0.1	3.1	0.8	1.3	1.8	1.7	1.4	1.2	1.6	1.1	2.2	0.5	1.1	0.9	0.9	0.9	1.3	1.1	1.2	1.3	0.8	0.1	0.7	2.1	0.6	0.7	2.5	0.7	0.7	1.4	1.7
211	0.1	1.2	1.4	0.8	0.4	1.2	0.9	1.3	1.1	-0.3	0.8	0.5	0.3	0.4	0.1	0.1	0.1	-0.1	-0.3	0.6	0.6	0.7	0.5	0.5	0.9	0.9	0.1	0	0.3	0.7	1.3	0.3	0.3	0.3	0.1	0.4	0.4	-0.1	0.1
212	1.5	2	1.2	0.3	1.3	1.8	1.8	1.8	1.6	3	1.8	1.4	0.8	0.7	1.5	1.6	0.7	0.9	0.3	1.7	1.4	1.6	1.6	1.2	1.1	1.1	2.3	1.9	1.9	1.1	1.6	1	1.3	1.5	1.5	1.2	1.3	1.3	1.5
213	2.4	2.4	2.1	1.4	1.6	2.8	2.6	2.8	2.5	2.8	1.8	2.9	3.6	4.4	3.1	3	2.2	2	2.7	1.8	2.1	2.9	2.7	3.2	2	2	2.2	2.1	3.6	1.8	2	1.7	2.2	2.9	2.6	2.5	2.7	2.1	3.6
214	-0.7	-1	0.9	-1.4	0.7	-1.1	-1.4	0.4	1.4	1.6	0.3	-0.9	-1	-1.3	-0.8	-0.9	-1.6	-1.6	-1.3	-1.3	-0.7	-1	-1.1	-1.3	-0.7	-0.6	-0.6	-0.6	-1.2	-1.7	-0.9	-2.1	-1.3	-1.1	-2.3	-1.5	-1.3	-0.5	-0.9
215	-0.6	-7.4	1	Null	0.5	-1.3	-0.9	-0.6	-0.9	1.1	-1.2	1.2	1.4	1.9	1.2	1	1.9	1.5	2	-0.1	0.3	0.5	0.7	0.2	-0.4	-0.5	0	-0.1	0.9	-0.1	0	1.8	-0.1	0.3	1.8	0.5	0.8	1.2	0.4
216	0.2	-0.2	0.7	0.9	0.3	2.9	2.1	2.4	1.6	2.7	2.6	-1.7	-0.9	-0.6	-3.5	-1.8	-0.1	0	-0.8	0.3	-0.3	-0.3	-0.3	0	-4.9	-4.1	-2.3	-1	-1.2	-1.5	0.2	-7.4	-2.4	-5.6	-4.2	-2.4	-2.4	-3.8	0.2
217	0.7	1.6	1	0.8	1.9	1.1	1.1	1.3	1.2	0.8	-0.2	0	0.1	0.2	-0.2	0	1	1.1	0.6	0.6	0.4	-0.1	0.1	-0.3	-0.1	0	0.9	0.9	0.2	0.1	0.5	-0.7	0.2	-0.3	-0.5	-0.2	-0.3	0.6	0.1
218	-4.8	-5.8	-4.3	-5.3	-5	-1.5	-1.8	-2.7	-3	-1.1	-3.2	-5	-5.9	-6.3	-5	-4.7	-6.8	-7.3	-6.1	-5.4	-4.7	-5	-5.2	-5.9	-5.1	-5.2	-4.5	-4.1	-5.4	-5.3	-4.9	-7.5	-4.5	-4.4	-6.5	-5.8	-5.2	-4.3	-5.4
219	-1.5	3.9	-10	-8.3	Null	Null	Null	-10.7	-10.1	-10.4	Null	7.2	2.7	3.3	6.6	6.7	5.8	3.6	6.4	3.7	3.4	3	3.7	2.9	2.5	2.6	6.1	6.5	2.8	3.6	5	4.3	3.8	2.5	3.2	0.5	1.9	8	-0.3
220	-9.5	-8.6	-4.5	-7.1	-4.4	-5	-3.9	-6.7	-5.6	-4.4	-1.7	-1	-0.5	1.9	-3.7	-1.9	1.1	0.4	-6.4	0.8	3.8	1.2	2.8	3.9	-2.6	-2	-5.6	-5.7	-0.5	-4.6	2.1	2.5	-1.9	-3.3	1.5	-1.9	-0.5	-3.5	-1.6
221	-2.6	-2.9	-2.8	-2.7	-2.8	0.8	0.7	0.6	0.6	-1.4	0.5	-2.7	-3.3	-2.9	-2.5	-2.6	-3.5	-3.2	-4	-3.2	-2.6	-2.7	-3	-2.9	-2.8	-3.2	-3.1	-3.1	-2.8	-3.1	-3	-3.4	-2.8	-3	-3.2	-3.2	-3	-3.5	-2.7
222	-0.8	-0.4	-0.4	0.1	0.5	0.9	0.9	0.3	0.1	-0.3	-0.2	-1.3	-2.4	-2.2	-1.1	-1.1	-2.5	-2.5	-2.5	-0.8	-0.8	-1	-0.9	-1	-1.5	-1.7	-1.3	-1	-1.6	-1.5	-1.4	-4.8	-1.5	-1.3	-3.5	-1.1	-1	-1.3	-1.9
223	1	-0.4	1.4	0.5	0.7	-0.5	0.6	0	1.2	-1.4	-0.2	-0.6	-1.2	-1.3	-0.9	-0.7	-0.8	-0.4	-1.1	-0.2	-0.3	-0.3	-0.4	-0.8	-1.1	-1.4	-0.5	0.3	-0.9	-0.9	-0.4	-4.5	-1	-1.3	-3.6	-0.9	-0.7	-1	-0.9
224	0	-0.7	1.2	0	0.5	-0.8	-0.2	-0.6	-1.3	0.7	-0.3	0.4	0	-0.2	0.4	0.2	-0.9	-1	-0.8	-0.3	0	0.4	0.4	0.3	0	0.3	0.2	0.2	0.1	-0.1	-0.1	-1.9	0	0.5	-1	0.2	0.3	0.4	0.6
225	1	0.8	1.1	1.2	0.7	0.3	-0.4	-0.5	0.6	-2.4	-0.9	0.7	-0.2	-0.4	0.5	0.2	0.5	0.8	0.3	0.4	-0.1	-0.2	0.3	0.3	-0.3	-0.5	0.3	0.6	-0.8	-0.8	0	-1.9	-0.4	-0.5	-1.5	-0.5	-0.3	0.2	-0.9
226	-9.2	-9.2	Null	-2.7	Null	Null	Null	Null	Null	-9.4	Null	1.3	-3.5	-1.6	0.7	1.6	1.7	-1.8	1.3	-2.1	-4.8	-5.1	-3	-3.5	-5.3	-5.8	0	0.4	-5.9	-4.4	-4.2	0.3	-3	-6.7	-1.8	-5.5	-4.9	-0.8	-5.9
227	-4.9	Null	-2.8	-4.5	-4.6	Null	-9.4	Null	Null	-4.8	-8.2	-4.3	-1.9	-0.4	-3.9	-3.6	-2.4	-1.6	-5	-3.5	-2.8	-2.3	-2.3	-2	-2.3	-2	-5.2	-4.1	-2	-0.8	-3.4	-0.1	-3.1	-3	0.1	-3.4	-2.3	-7.2	-3
228	Null	Null	-11.3	Null	Null	Null	Null	Null	Null	-6.7	-10.1	Null	Null	Null	Null	Null	Null	Null	Null	Null	Null	Null	Null	Null	Null	Null	Null	Null	Null	Null	Null	Null	Null	Null	Null	Null	Null	Null	Null
229	2.3	-1.7	-1.3	-0.6	-4.9	0.3	1	0.3	1.6	-5.4	-0.7	1.3	2.7	2.8	1.2	1.6	1.9	3	1	1.5	0.8	2.6	2.7	3.3	1.6	1.4	2.7	1.7	2.4	2.1	1.9	4.4	2.7	3.2	4.3	2.4	2.8	0.7	3.2
230	2.8	-0.6	-1.8	2.3	-1.7	0	2	2.3	2.5	0.9	2.8	4.7	5.8	7.5	3.9	5.3	7.9	7.8	6.8	4.1	3.2	5.3	5.6	4.5	3.3	4	5.7	4.5	5.5	5	2.6	8.7	5	3.8	8.7	3.8	4.1	3.3	4.6
231	-5.6	-9.3	-7.6	-8.6	-7.7	-9.2	-6.8	-8.3	-7.5	-7.4	-8	-9.8	Null	-9.3	Null	-9.9	Null	Null	Null	-7.4	-8.2	-8.7	Null	-8.1	-8.6	Null	-8.7	Null	-7.9	-9.3	-7.4	Null	-9.3	-9.8	Null	-10.3	Null	-8.8	Null
232	-5.2	-6	-4.4	-6	-5.8	-5.1	-3.4	-4.5	-2.3	-5.4	-4.9	-4.3	-5.6	-5.2	-4.6	-4.9	-4.3	-4.4	-4.6	-4.8	-4.8	-5.7	-5.3	-5.8	-6.6	-7.3	-4.5	-4.8	-4.7	-5.7	-5.3	-4.9	-5.7	-6.7	-5.3	-5.2	-5.4	-4.8	-5.6
233	2.5	3.4	0.2	2.9	-0.3	-1.2	-0.3	-0.6	-1.2	0.6	1	3.7	4.5	4	3.6	3.4	4.5	3.7	5.4	3.3	3.6	3.9	3.7	3.7	4	3.9	3.5	3.7	3.8	4	2.8	5.5	3.8	3.7	5.2	3.6	3.7	4.5	3
234	4	4	5.1	3.8	1.1	4.8	4.4	4.4	4.3	1.6	4.2	4.4	4.5	4.6	4.6	4.2	4.5	4.2	4.6	2.5	2.2	3.7	4	3.8	3.1	3	3.6	3.6	3.9	2.2	2	4.1	3.5	4.2	4.1	4	3.7	3.6	4.1
235	0.9	0.7	0.7	0.6	-0.7	0.9	0.7	0.4	0.3	-0.4	-0.2	0.7	1.1	1.5	0.3	0.6	0.9	1.1	0.4	0.4	0.6	1	0.8	1.2	0.3	0.2	0.3	0.2	0.6	0.3	0.1	0.8	0.7	0.5	1.1	0.4	0.6	0.3	1
236	2.6	1.3	2.8	3	2.4	1.7	0	1.5	1.5	5	2.8	2.4	3.6	3.6	2.1	2.6	2.4	2	1.9	1.9	2.5	3	2.8	3.6	2.3	2.4	1.8	1.9	2.3	1.8	1.1	4.4	1.8	3	4.2	2.6	3	1.9	2.5
237	-0.5	0.2	-0.1	-0.3	-0.7	-1.2	-1	-1.4	-0.1	-2.4	-2	-0.2	0.8	1	-0.6	-0.3	0.7	0.5	0.8	-0.3	-0.1	-0.7	-0.8	-0.7	-0.5	-0.7	-0.4	-0.3	-0.2	-0.6	-0.7	1.6	-0.3	-0.2	1.5	-0.4	-0.2	0	-0.6
238	-6.8	-4	-3.5	-2.8	-2.3	-2.6	-2.7	-3.5	-3.5	-3.4	-2.6	-2.8	-3.6	-3.6	-2	-3	-2.2	-3	-1.2	-3.7	-3.3	-4.3	-3.9	-4.3	-4.5	-4.8	-1.9	-1.4	-4.4	-4.8	-3.2	-3.3	-4.7	-4.9	-2.9	-0.9	-4.9	-2.1	-4.9
239	-9.4	Null	-7.4	Null	-9.7	Null	Null	Null	Null	-9.3	Null	Null	Null	Null	-13.3	-8.1	-7.8	-8.3	-7.3	-8.5	-6.8	-8.2	Null	-7.1	-6.3	-6	Null	-7	-8.6	-7.5	Null	Null	-11.1	Null	Null	-3.2	-7.7	-8	Null
240	1.4	0.5	1.9	0.4	-0.2	2.8	2.7	3.3	3.2	4.7	2.6	0.5	0	0.5	0.6	0.5	0.2	0	0	0.6	0.6	0.9	0.5	0.6	0.6	0.6	0.4	0	0.3	0.2	0.6	-1.3	0.4	-0.4	-0.8	Null	0.2	0.1	0.9
241	-9.2	-9.5	-8.5	-9	Null	Null	Null	Null	Null	-8.4	Null	-6.7	-4.1	-9.5	-4.8	-5.8	-7	-4.5	Null	-2.2	-1.6	-4.1	-3.6	-4.1	-3.6	-3.8	-9.1	-9.1	-4.3	-0.6	-1.1	-6.6	-6	-4.5	-7.5	-3.1	-4.4	-9.6	-4
242	0.1	-3.7	1.1	-1.9	0.3	-1.2	-1.1	-0.7	-1	0	-1.2	-2.2	-3	-6.1	-0.7	-0.7	-4.4	-4.3	-5.2	-2.9	-0.8	-0.9	-1	-2.1	0.4	0.2	-5.8	-5.8	-2.3	-2.2	-2.3	-3.1	-3.4	-2.1	-2.4	-1.4	-0.8	-4.6	-1.9
243	0.8	0.2	0.1	-0.5	-0.1	-0.5	0.3	-0.7	1.1	-2.2	-1.2	0.9	0.4	1	0.5	0.7	1.2	1.2	1.3	0.3	0.4	0	0.1	0	-0.1	-0.7	0.4	0.3	0.1	0.1	-0.1	0.6	-0.3	-0.3	1	Null	-0.2	0.5	-0.1
244	-0.7	-2.2	-0.2	-1.9	-1	-1.1	-1.4	-1.5	-0.9	-3.4	-2.1	-1	-0.1	-0.5	-1.1	-1.6	-0.4	-0.1	-0.2	-1.4	-1.4	-1	-1.2	-1	-0.5	-0.6	-0.8	-1.2	-0.6	-1.2	-1.6	0.9	-2.1	-1.7	0	0.2	-2	-1.7	-0.9
245	0.7	-0.6	-0.7	-0.7	0.3	2.5	2.5	1.7	1.5	1.3	1.8	-1.3	-1.4	-1.4	-1.5	-1.4	0	0.3	-0.1	-0.8	-1	-1.8	-2	-1.9	-1.9	-1.9	-0.8	-0.5	-2	-1	-1.3	-1.9	-1.6	-1.7	-1.7	-1.5	-1.6	-1	-2.1
246	-0.6	-0.9	-1	-0.9	-0.8	1.6	2	0.7	1.6	0.8	1.8	-1.5	-2.1	-1.8	-1.6	-1.7	-1.1	-1	-1.8	-0.6	-0.9	-2	-2.1	-1.7	-1.7	-1.7	-1.3	-1.3	-1.9	0.1	-1.4	-2.4	-2	-2.3	-2	-1.8	-1.8	-2.4	-1.1
247	2.7	1.2	1.6	0.3	1.3	1.3	1.4	1.1	0.5	2.3	0.8	0.6	1.3	1.2	0.6	0.7	1.5	1.7	1.3	0.9	1.1	0.4	0.4	0.2	0.6	0.5	1.2	1	0.9	Null	0.4	0.7	0.9	0.6	0.8	0.3	0.6	0.6	0.6
248	-6.6	2.2	Null	-3.3	Null	-2.8	-3.1	-3.7	-3.5	Null	-2.2	3.8	-0.5	2.8	3.3	3	4.9	3.1	5	3.9	2.5	1.2	3.4	2.5	-0.1	0.1	3.8	3.8	-2.2	-1.2	4.5	4.3	2.7	-0.3	2.2	1.7	-1.2	4	-2
249	-2.3	-2.4	-3.3	-1.8	-3.7	-2.6	-4.3	-2.7	-2.2	-0.4	-1.1	-0.7	-1.1	-1.9	-1	-1.5	-1.9	-2	-2.2	-2.9	-2.6	-1.3	-1.5	-1.8	-3.1	-3	-3.2	-2.6	-0.9	-6.1	-0.8	-2	-1	-1.3	-1.5	-6	-1.3	-2.1	-0.6
250	-2.7	-2.2	-2.9	-2.9	-1.9	0.5	-1.4	0.5	0.8	0.9	-0.2	-2.3	-3.6	-3.7	-2.4	-2.7	-5	-4.8	-4.3	-2.7	-2.7	-2.1	-2.2	-2.3	-2.1	-2.4	-2.2	-2.3	-2.7	-0.5	-2	-5.4	-3	-2.7	-4.8	-2.5	-2.9	-2.3	-1.9
251	-1.1	0.1	-1.5	-2	-0.5	-2.8	-1.3	-1.2	-0.4	-0.3	0.4	-1.2	-0.5	-0.3	-1.1	-1.4	-1	-0.5	-1.4	-1	-0.7	-1	-1.4	-1.4	1	1	-2.3	-2.2	-0.7	-2.2	-1.6	-0.3	-1.1	-1.2	0.2	-2.6	-0.9	-2	-0.4
252	0.3	-0.6	-0.3	0	0.3	-1.9	-1.3	-1.9	-0.4	-4.4	-2.6	-0.5	-0.9	-0.4	-0.6	-0.7	0	0	-0.6	-0.2	-0.4	-1.1	-1.3	-1	0.1	-0.1	-0.4	-0.4	-0.9	0.6	-0.3	-0.6	-0.1	-0.4	-0.9	0.3	-0.5	0.5	-0.2
253	-2.3	-1.8	-1.6	-3.8	-1.7	-2.8	-2.8	-3.7	-3.5	-1.4	-1.8	-1.9	-3.5	-3.1	-1.7	-1.9	-3.7	-4.6	-3	-3.2	-2.1	-3	-2.9	-2.5	-2.7	-2.9	-2.3	-2.1	-2.5	2	-2.5	-4.2	-2.8	-2.7	-5.4	Null	-2.7	-1.9	Null
254	-0.1	0.8	-1	0	-0.6	0.3	0.4	-0.7	-0.1	-0.4	0.8	-0.1	-1.9	-1.5	0.5	0	-2.6	-2.6	-1.8	-0.7	-0.3	-0.4	-0.6	-0.6	0	-0.3	0.1	-0.2	-0.8	-3.5	0.4	-2.7	-0.4	-0.6	-2.2	Null	-0.5	0.2	-3
255	2.4	1.5	2.2	2.3	2.7	2.8	2.1	3.2	3.5	4.6	3	1.7	0.8	0.9	1.7	1.7	1.2	1.5	0.8	1.8	1.8	1.4	1.5	0.7	1.9	1.7	2.3	2.4	1.8	-3.7	1.1	-0.3	1.6	0.9	0.1	-2.9	1.3	1.5	-2.7
256	-1	0.2	1.1	0.6	1.1	-0.5	-2.1	-2	-2.5	-4.4	-1.4	0.4	-1	-2.5	0.3	-0.5	-2.5	-2.3	-1.4	-0.9	-0.9	-0.3	-0.8	-0.4	-0.6	-1.1	-0.6	-1.2	-2.5	0.8	0.3	-3.1	-3.9	-2.2	-3.7	0	-2	-1.7	0.8
257	0.2	1.7	0.4	-0.1	-0.1	0	-1	0.3	0.7	1.6	0.1	-0.6	-1	-0.8	-0.5	-0.2	-0.2	0.2	-0.5	0.1	0	-1	-0.9	-0.9	-0.7	-0.7	-0.4	-0.2	-1	0.3	-0.4	-0.4	-0.8	-1	-0.5	1.6	-0.8	0.1	1.2
258	-0.6	-0.3	-0.3	-0.6	-0.3	-0.2	-0.7	-0.7	-1.3	-1.4	-0.4	-0.8	-2.3	-2.5	-0.7	-1	-3.5	-3.1	-2.6	-1.2	-1	-0.9	-1.1	-1.1	-0.8	-0.8	-1.5	-1.3	-1.2	-0.5	-0.8	-3.9	-1.2	-1.2	-3.7	-0.5	-1.1	-1.3	-0.7
259	1.8	1	1.1	0.5	0.6	2.3	2.7	1.5	1.5	1.6	2.3	-0.9	-1	-0.7	-0.7	-0.6	-1.1	-0.5	-2.1	0.2	-0.4	-0.1	-0.3	-0.3	-0.2	-0.4	-0.6	-0.6	-0.3	-0.1	-0.1	-2.6	-0.4	-0.7	-2.3	1.5	-0.7	-1.3	-0.1
260	2.5	3.6	4	2.5	2.3	0.8	1.6	1.8	2.5	3.6	3	2.5	3.3	3.6	2.6	2.7	3.3	3.4	3	2.6	2.6	2.5	2.2	2.2	2.5	2.1	2.3	2.2	2.4	-0.6	2.1	3.5	2	2.2	3.6	Null	2.3	2.5	0.3
261	3.3	3.1	3.5	2.7	3.7	3.1	3.7	3.4	2.7	4.6	3.7	2.9	2.9	3	2.9	2.9	2.7	2.7	2.9	2.9	2.9	2.7	2.7	2.6	3.4	3.2	3	2.8	2.6	-1.7	2.8	2.4	3.1	3	2.6	-2.4	2.7	3.4	-4.4
262	0.4	1	1.9	0.8	0.6	0.4	0.6	0.4	-0.3	1.6	0.9	0.7	-0.1	0.2	1.3	0.7	-1.1	-0.8	-0.3	-0.4	0.2	1.2	0.9	0.7	1.2	1	1.1	1	0.9	0.5	0.6	-2.4	0.9	0.9	-1.9	0.8	1.1	1.4	0.5
263	-0.8	-2.1	-1.3	-1.4	-0.7	-0.3	-0.4	0.9	1.8	1.6	1.3	-3	-1.5	-1.2	-3.6	-2.8	0.5	0.9	-1.1	-0.2	-1.4	-2.1	-1.5	-2.1	-3.2	-3.3	-1.4	-0.8	-2.1	-2.3	-1.1	-2.3	-2.7	-4.3	-2.8	-2.6	-3	-3.2	-1.6
264	-0.6	-0.7	-0.7	-1.9	-0.8	0.4	0.7	0.8	-0.5	0.1	-0.2	-1.7	-1.2	-1.2	-2	-1.8	-1.3	-1.2	-1.2	-1.2	-1.2	-1.6	-1.6	-1.4	-1.5	-1.6	-1.5	-1.7	-1.1	-1.3	-1.4	-1.2	-1.3	-1.5	-0.7	-1.7	-1.7	-1.2	-1.6
265	-7.5	0.7	0	-0.2	0.5	-5.9	-5.2	-5.7	-4.3	-2.4	-6.2	-0.8	0	0.1	-0.7	-0.5	-1.1	-0.6	-1.5	0.5	0	0.4	0	0.3	0.3	0.3	-0.3	-0.5	0.5	0.3	0.5	-2.7	0.2	0.2	-1.7	0.2	0.1	-1.1	1
266	1.4	1.8	1.4	1.4	1	2.8	1.9	3.1	3.6	3.6	2.8	0.8	1.6	1.8	1.1	1.1	1.4	1.4	1.6	0.7	1.1	1.3	1.1	1.3	1.2	1.2	0.7	0.5	0.8	0.9	0.9	2.5	1.3	1	2.5	0.9	0.9	0.9	1.3
267	-5.2	Null	2.2	1.2	3.1	Null	Null	Null	Null	2.7	Null	0.8	3.9	3.6	1.2	1.4	3.2	4.2	1	2.2	2.4	2	2	1.5	3.2	3.1	-0.4	0	3.2	2.9	2	5.1	2.9	3.3	4.9	2.7	2.3	0.4	3.2
268	0.6	1.5	4.6	2.3	1.7	0.5	1.5	1.4	0.2	1.6	1.8	4.1	3.9	4.2	3.5	3.2	4.4	3.8	4.9	1	1.9	3	3	3.2	1.6	1.3	3.3	3.5	3.3	2.2	1.6	4.3	2.1	3	4.2	3.1	3	3.6	2.6
269	1	1.2	0.6	0.4	-1.1	0.4	1.6	2	2.8	0.7	1.8	0.1	1.6	1.5	0.6	-0.1	2.3	2.9	2.4	1	0.6	0.6	0.1	0	1	0.9	1.6	1.9	1.1	1.7	-0.4	3.6	1.4	1.2	3	0.9	0.7	1	1.1
270	1.2	0.4	0.1	-0.4	0.7	2.7	2.2	2.4	2.1	0.6	1.7	0.6	1.4	1.8	0.6	0.5	2	1.9	1.9	0.9	0.7	-0.1	0	0.1	0.5	0.5	1.6	1.1	1.4	1.2	0.3	2.6	0.9	0.7	2.5	1	0.8	1.1	0.9
271	-1.4	-0.5	-0.9	-0.6	-1.3	2.6	2.7	1.3	2.1	0.6	2.8	-1	-0.8	-0.5	-1.1	-1.5	-0.3	-0.5	0.1	-1	-0.8	-1.1	-1.1	-1.2	-1.5	-2	-1.4	-1.3	-1.6	-1.6	-0.9	0	-2.4	-1.9	-0.1	-1.9	-1.7	-1.3	-1.7
272	3.1	2.2	3	4.1	4.6	3.5	4.6	3.4	5	2.7	3.5	4.5	8	8	4.7	4.9	5.6	6.3	6.1	5.1	5.6	6.5	5.9	6.5	6.1	5.9	3.9	3.9	7.5	6.3	4.6	8.5	7	7.4	8.9	6.7	6.5	5.6	7.4
273	-4.4	-2.4	-3.4	-4.8	-2.5	-3	-2.4	-3.3	-0.9	-3.4	-3.2	-3.4	-2.3	-2.9	-3.5	-3.6	-2	-1.8	-1.7	-2.5	-2	-2.9	-2.6	-2.6	-2	-2.1	-2.5	-2.8	-2.9	-2	-3.4	-1.6	-2.4	-2.7	-1.4	-2.6	-2.6	-3.1	-3.9
274	-7.9	-1.3	-1.1	-0.3	-0.2	1.7	2.5	2.6	1.5	1.6	2.7	0.4	5.3	6.1	0.7	1.2	4.4	5.8	0.5	3.8	3.7	3.8	3.5	4	3.7	4	Null	-7.8	5.5	4.9	3.4	7.1	5.1	4.1	6.9	4	3.5	0.3	6.1
275	0.1	1	-0.1	0.6	0.3	0.1	0.6	0.3	-0.3	-0.4	1.2	-0.1	0	0.6	0.1	0.5	-0.3	-0.3	0.1	0.3	0	-0.2	-0.4	0.1	0.6	0.5	0.2	-0.1	0.4	0.1	0.6	-0.5	0.4	0.3	-0.2	0.5	0.5	0.5	0.7
276	0.9	0	0.5	-0.5	-0.4	0.3	0.8	-0.6	-0.2	0.7	0.4	-0.4	-1.8	-1.3	-0.1	-0.6	-1.7	-1.8	-1.4	-1.2	-1.2	-0.8	-0.8	-1.1	-1	-1	-1	-1	-1.9	-1.6	-0.9	-3.2	-1.3	-1.5	-2.3	-1.8	-1.3	-0.4	-3.6
277	-0.7	0.2	-1.3	-1.7	-1.8	-0.4	-0.4	-1.7	-1.1	-0.4	0.5	-0.7	-0.6	-0.3	-1	-0.8	-0.1	-0.1	0.2	-0.9	-0.7	-1.6	-1.5	-1.5	-1.1	-1.3	-0.8	-1	-1.2	-0.8	-0.7	0.3	-1.1	-0.9	0.6	-1	-1.1	-0.4	14.9
278	-3	-1.4	-1.4	-1.8	-1.3	-1.5	-0.9	-2.7	-1.8	-1.4	-1	-1.3	-0.9	-0.8	-1.5	-1.6	-1.3	-1.5	-1.1	-2.3	-1.6	-1.8	-1.8	-1.6	-3.1	-2.9	-2.1	-2	-1.8	-2.4	-1.7	-0.9	-2.4	-1.6	-0.5	-2	-1.8	-1.2	-2.5
279	-7.3	-6.4	-6.6	-7	-5.4	-7.9	-5.9	-6.4	-4.5	Null	-5.3	-6.4	-7.9	-6.9	-7.5	-6.3	-6.5	-7.4	-5.6	-6.8	-6.2	-7.7	-7.4	-7.7	-6.3	-6.6	-7	-7.3	-7.3	-6.9	-6.5	-5	-7.9	-6.6	-5.8	-7.4	-6.4	-6.7	-8.6
280	-1.6	-0.9	-0.2	-2.3	-2.3	-1.5	-0.8	-1.7	-1.3	-2.3	-0.8	-1.9	-1.4	-1	-1.6	-1.4	-2	-1.7	-2.2	-2.2	-1.3	-1.2	-1.2	-1.1	-2.1	-2.4	-1.9	-2.2	-1.4	-2.3	-1.8	-2	-2.4	-1.4	-1.5	-1.5	-1.1	-1.6	-1.5
281	-0.5	0.5	-0.7	-0.4	-1	0.2	-0.2	-0.7	-0.5	-0.4	-0.1	-1.3	0	0.2	-1.2	-1.3	0.5	0.6	0.4	-0.9	-1	-0.9	-1	-0.9	-0.5	-0.6	-1.2	-1	-0.4	-0.7	-1.2	1.1	-0.7	-0.7	0.9	-0.8	-0.8	-0.6	-1.2
282	-0.8	-0.7	0.5	-0.4	-0.3	-0.8	-0.8	-1.7	-1.5	0.8	-1.2	-1.9	-0.2	-0.4	-1.2	-1.4	-0.7	-0.5	-0.8	-1.7	-1.4	-0.5	-0.9	-1.3	0	0	-1.7	-1.6	-0.5	-1.4	-2.4	1.1	-1.1	-1.2	0.8	-1.3	-1.3	-1.7	-0.2
283	Null	Null	-9.1	-9.1	Null	Null	Null	Null	Null	Null	Null	-6	-6.5	Null	-4.9	-3.7	-7.8	Null	Null	-9.9	-4.9	-4.9	-6.3	-7	-3.4	-3.8	Null	Null	-6.3	-6.1	-6.8	-4.3	-4	-4.6	-3.8	-2.2	-2	Null	-6.2
284	-5.4	-7.5	-5.6	-11.2	-7	-8.4	-8.3	-8.6	-7.5	-5.3	-6.9	-4.3	-7.5	Null	-3.3	-2.6	-7.4	-7.2	-8.6	-6.9	-2.7	-4.3	-6.2	-6.8	-0.5	-0.9	-7.4	-8.2	-5.4	-3.9	-4.4	-5.8	-4.2	-3.7	-5.6	-1.3	-1.6	-6.9	-9
285	0.9	-0.4	-7	-6.4	-6.1	-2.9	-1.9	-0.7	-0.1	-0.4	-0.2	-1.1	-2.1	-2	-1.8	-1.5	-0.8	-1.4	-0.7	-0.5	-0.7	-1.7	-1.6	-1.4	-1	-1	-1.2	-1.6	-1.9	-0.5	-0.2	0.1	-0.3	-0.8	-0.2	-2.1	-1.6	-1.1	-1.9
286	-3.9	0.3	-0.8	3.5	0.9	1	1.6	0.9	2.2	-3.4	1.6	3.5	4.1	3.8	3.2	3.9	4.3	2.5	2.9	2.6	2.9	3.7	3.5	3.1	3.2	3.3	1.8	2.2	3.1	4.2	3.4	5.9	4.7	4	5	3.2	3.7	2.4	3.3
287	-6.1	-7.4	-7.5	Null	-6	-2.2	-3.4	-3.4	-3.9	-6.4	-7.2	-8.7	-7.6	-8.9	-8.7	-8.6	-7.7	-8.8	-9	-9.5	Null	Null	-10.3	-10.1	-9.5	-11.3	-8.1	-6.8	-11.9	-10.5	Null	-8.4	-8.2	-9.4	Null	Null	Null	-10.8	-8.7
288	-1.5	-1	2	-0.3	-0.8	-4.1	-3.4	-3.6	-2.3	-2.2	-3.2	-0.3	-1.8	-1.4	-0.4	0.3	-1.7	-1.7	-2	-0.6	-0.4	-0.9	-0.9	-1.3	-0.1	0	0.9	0.2	-1.1	-1.1	-0.6	-2	-0.5	-1.4	-1.9	-1.1	-1	-0.6	-0.4
289	-3.2	Null	Null	-10.4	Null	-6.2	-6	-7.6	-7.4	-9.3	-4.8	-4.1	-6.4	-7.9	-4.3	-4.3	-4.1	-7	-4.1	-6.1	-4.6	-7.4	-7.9	-7.2	-7.6	-7.1	-2.2	-1.4	-7.4	-8.8	-9	-4.7	-6.7	-6.3	-5	-6.6	-6.5	-2.8	-9.4
290	0.3	4	-0.1	1.1	1.1	-1.9	-2.2	-2.5	-1.5	-1.3	-2.2	1	-3.9	-2.4	0.9	1.4	1.3	1.3	-0.2	-0.1	-0.1	-1.6	-0.5	-0.2	-1.1	-0.7	-0.3	-0.4	-1.9	-0.5	1.8	0.2	1.7	-1.5	-1	-1.6	-0.8	0.3	0.2
291	4	6.1	4	4.2	3.2	3.5	3.6	2.5	2.7	4	2.8	3.5	3.4	3.5	3.2	3.6	4.1	4	3	2.8	3.3	2.6	2.8	2.9	2.1	2.1	3	2.8	2.9	2.2	3.8	3.8	2.9	2.9	3.6	3	3.2	3.5	3.4
292	-4.3	-5.5	-7.5	-5.7	-5.7	-6.2	-4.9	-4.3	-3.8	-7	-4.2	-8.6	Null	Null	-7.6	-6.7	-7.5	Null	-7.3	Null	-8.5	-7.8	-7.8	-8.8	-7.6	-7.4	-8.5	-6.1	Null	-8.4	-7.5	-6.1	-7.6	Null	Null	Null	Null	-7	Null
293	-1.9	-1.6	-0.9	-2.9	-2.7	-1.5	-1.9	-2.4	-3.5	0.2	-3.2	-2.1	-1.7	-1.8	-2.1	-2.1	-1	-0.6	-1.5	-2.2	-2.7	-2.9	-2.9	-3.1	-2.1	-2.4	-2	-1.9	-2.3	-2.3	-3	-2	-2.5	-3	-2.3	-3	-3.3	-3.2	-3.1
294	0.1	0.3	0.7	-0.2	0.1	-0.2	-0.5	-1.1	-1.5	0.9	-0.2	0.3	0.3	0.1	0.4	0.3	-0.4	0	-0.6	-0.2	0	0	-0.4	-0.5	0.8	1	0	-0.3	0.1	0.2	-0.5	-1	0.5	0.4	-0.8	-0.1	0	0	0.2
295	3.5	2.1	4.4	2.8	2.7	2.9	2.7	3.3	2.6	3.6	2	2.3	4.2	4.4	2.5	2.6	4.3	4.5	3.7	3	3.1	3.2	3.3	2.7	2.1	2.3	2.9	3.4	3.7	2.6	2.3	4.1	2.4	2.4	4.4	2.7	2.5	1.7	3.3
296	-10	Null	Null	Null	-8.5	Null	Null	Null	-10.5	-6.6	-10.2	-8	Null	Null	-7.9	-7	Null	-9	Null	Null	-6.9	-8.3	-7.1	Null	-9.3	-8.5	Null	Null	Null	Null	Null	-8.5	-9.4	Null	-9.9	Null	Null	Null	Null
297	-7.6	Null	Null	Null	-12.5	Null	Null	Null	Null	-9.3	Null	-5.7	-4.9	Null	-4.7	-4.6	-6.1	-7.5	Null	-6.7	-2.9	-2.4	-2.4	-2.6	-4.7	-4.3	Null	Null	-5.2	-5	-8.4	-4.7	-3.7	-2.3	-3.9	-3.7	-2.8	-8.1	-2.6
298	-2.9	-5.2	-1.1	1	0.4	-1.2	-1.4	-2.6	-2.2	-1.4	0.9	-1.6	-2.1	-5	-0.7	-0.6	-3.9	-3.7	-4	0	0.7	-1.8	-1.5	-2.7	-0.5	-0.9	-1.8	-1.7	-3.1	-0.2	1.1	-1.7	-0.6	-1.8	-1.7	-2.4	-1.3	-3.5	-4.4
299	-3.3	-7.1	0.7	-1.9	-0.4	-0.7	-0.2	-0.5	-1.5	-0.2	-0.2	-3.7	-1.8	-3.1	-2.7	-2.2	-2.4	-1.5	-4.3	-2.2	-1.1	-2.4	-2	-2.7	-1.3	-1.4	-4.5	-3.1	-2.6	-2.1	-1.7	-2.3	-3.4	-2.7	-2	-2	-1.5	-5.2	-3.6
300	-1.6	-2.7	Null	-6.2	Null	Null	Null	Null	Null	-9.4	-7.1	-3.3	-6.6	Null	-4.6	-4.9	-4.4	-5.3	-2.3	-7.5	-6.3	-6.8	-4.6	-6.1	-6	-6.6	-3.9	-1.9	-6.4	-5.2	-5.6	-3.9	-2.4	-3.1	-5.7	-7.9	-6.5	-2.7	-9.5
301	0.9	2.2	0.9	1.1	1.5	-0.8	-0.3	-0.6	-1.5	1.6	0.5	1.8	-0.1	0.2	1.6	1.7	1.2	0.6	0.8	1	1.4	0.2	0.6	0.7	1.3	1.1	1.6	1.4	0.1	0.4	1.9	0.7	1.2	0.6	0.6	0.6	0.7	1.7	1.1
302	-10.3	Null	Null	Null	Null	Null	Null	-10.7	Null	-9.4	Null	-3.4	-0.7	-7.4	-2.2	-2.1	-6.5	-4.9	Null	-1.1	1.7	-1.6	-2	-0.6	-1.1	-1.4	Null	Null	-1.2	0.3	-2.1	-3.6	-1.6	0.6	-3.5	0	1.5	-6.8	-3.5
303	-10.9	Null	-10.3	Null	Null	-7.6	-8.7	-10.1	-10.5	-9.3	-5.9	Null	Null	Null	-8.9	Null	Null	Null	Null	Null	-9.1	-10	Null	Null	-8.6	Null	Null	Null	Null	Null	-8.8	Null	Null	-9.8	Null	-9.7	-8.5	Null	Null
304	4.1	5.7	5.6	3.3	3.4	2.1	2.7	2.3	1.5	2.7	1.8	3.3	2.8	3.6	3.1	3	4.6	5.5	2.9	2.3	2.3	1.9	2.1	2.1	4	3.6	1.9	2.2	3.4	4.2	4.1	4.2	3.7	2.6	3.5	3.1	2.9	3.2	3.7
305	-0.4	0.1	1.2	-0.1	0.9	0.5	0.6	-0.5	-0.3	0.6	-1.1	-0.2	-0.1	-0.9	-0.1	0.3	1.1	0.9	0.8	0.3	1.3	0	0.5	0	0.6	0.6	0.2	0.9	-0.8	0.2	-0.5	0.7	-0.2	0	0.2	0.4	0.8	-0.6	-1.7
306	3.3	2.7	3.3	2.7	0.5	1.3	2.3	2.3	3.1	2.6	2.6	1.3	1	1	1.2	1.4	2.2	2	1.2	1.2	1.1	1.1	0.9	0.8	2.4	2.1	1.4	1.7	1.1	2	1.9	1.9	2.2	1.2	1.8	1.5	1.5	1.4	1.4
307	Null	Null	Null	Null	-8.5	-6.3	-5.3	-5.3	-4.4	-9.5	-0.6	Null	Null	Null	Null	Null	Null	Null	Null	Null	Null	-12	-12.1	Null	Null	Null	-11.6	Null	Null	Null	Null	Null	-8.8	Null	Null	Null	Null	Null	Null
308	0.7	0.9	-0.4	1	-2.4	1.8	2.7	0.5	1.5	-2.3	1.1	-0.6	-1.9	-2.6	0.1	-0.2	-1.5	-0.1	-3	0.2	-0.7	-0.4	-0.6	-0.8	-0.7	-0.4	-0.3	-0.6	0.8	-0.9	2	-2.7	1	-1.4	-2.2	0.2	-0.2	0.5	1.7
309	Null	-8.3	-5	-8	Null	-6.8	-7.4	-6.7	-5.8	-3.2	-7.2	-5.6	Null	-7.5	-7.1	-8.8	Null	Null	Null	-7	Null	Null	-8	-8.2	-8.6	Null	-9.6	-6.7	Null	-8.4	Null	Null	Null	Null	Null	Null	Null	-5.9	Null
310	3.3	5	5.8	2.9	1.8	3	2.1	2.3	3	3.7	0.8	1.9	2.7	2.8	2.2	2.2	4.1	5.7	0.7	2.1	2	1.8	1.5	1.1	4.1	3.9	-0.1	-0.2	2.8	4.2	4.2	3.2	3.8	2.3	3.2	3.1	2.4	0.8	3.8
311	Null	-5.1	-1	-9.2	1.1	-8.8	-8.3	-8.4	-8.5	-4.4	-6	1.2	1.3	1.9	1.3	0.8	1.4	2.4	1.7	-0.1	-0.7	-0.6	0.1	0.4	-1.9	-2.1	-0.4	0	1.6	0.2	0.5	0.8	-0.8	0.2	1.3	-0.1	-1.1	1.6	1.2
312	-9.1	-9.9	-8.4	-9	-8.7	-7.8	-7.3	-8.7	-6.6	Null	-9.2	Null	Null	Null	Null	Null	Null	Null	Null	-9.2	-9.2	Null	-9.2	Null	Null	-7.6	Null	Null	Null	-7.8	-8.9	Null	-10.5	-8.3	Null	-9.5	-9.8	Null	Null
313	-4.4	0.9	1	0.3	0.9	1.9	0.8	1.3	0.8	0.6	0.9	-2.3	-0.8	-1.7	-2.2	-1.2	-1	-1.3	-2.4	-1.7	-0.5	-0.8	-0.8	-1.5	-0.5	-0.4	-3.3	-3.1	-2.8	-1.8	-1	-0.2	-1.3	-2.4	-0.6	-2.6	-2.2	-3.7	-3.5
314	Null	-5.8	Null	-5.7	Null	-10	-9.3	Null	-10.4	Null	-8.2	Null	Null	Null	-10.2	-9.4	Null	-9.9	Null	Null	-8.8	-5.3	-8.7	-7.3	-3.9	-4	Null	Null	-6.7	-9.5	-10.4	-8.9	-6.4	-10.3	Null	-6	-6.5	Null	-13.8
315	0.1	-8.4	-2.5	-10.1	-5.5	-0.2	0.1	-1.7	-1.2	-0.3	-0.2	-4.9	-2.7	-6	-4.2	-3.7	-3.3	-5.6	-3.3	-5.8	-5.3	-3.7	-4.1	-3.7	-2.9	-2.9	-4.9	-3.8	-5.1	Null	-8	-3.3	-4.6	-7.1	-3.4	-5.6	-5.9	-6.4	-1.8
316	0.9	1	2.2	0.6	1.7	1.3	1.6	1.4	0.5	2.7	1.5	0.6	0.7	0.4	0.8	0.7	0.3	0.7	0.5	0.4	0.9	1.1	1.1	0.6	0.3	0.3	0.4	0.3	0.4	0	0.7	0	0.1	0.6	0.2	0.6	0.9	0.7	0.5
317	1.6	1.5	0.2	1.1	1.6	0.3	1	1.3	1.9	0.8	1.8	0.9	2.4	2.7	0.8	1.2	1.8	2.4	1.9	1.8	2.3	2.1	1.6	2	1.7	1.6	0	0.3	1.8	2	1.9	2.9	1.9	1.9	2.8	1.7	1.9	1.4	1.8
318	1.1	-1.4	-3.5	-0.8	-1.2	0.8	0	-0.5	-1	-1.4	-0.1	1.1	0.6	0.7	0.8	1.1	0	-0.4	0	0.7	1.2	0.7	1.1	0.8	0.4	0.5	0.5	0.3	0.9	0.5	2.3	-0.2	1.3	0	0	-0.4	0	0.1	1.1
319	3.9	4	0.7	0.9	1.1	-0.9	-0.2	-0.7	0.8	-0.4	0	2.4	0.3	0.6	2.3	2.2	1.3	0.2	1.4	1	1.1	1	1	1	1.1	1.1	3.1	2.4	0.4	1.6	1.3	0.6	2.1	1.1	0.5	1.2	1.1	2.3	0.6
320	2.4	1.8	1.1	1.5	2.3	1	0.6	0.1	-0.4	1.9	1.8	2.1	2.4	1.9	2.2	2	2.2	2	1.9	2	2.4	2.5	2.5	2.3	2.2	2.2	2.1	2.1	1.5	2	1.8	2.7	1.9	2.2	2.6	2	2.2	2.5	1.9
321	-3	-0.7	-4.9	-0.9	-3.8	-2.4	-3.4	-2.7	-2.2	-3.1	-2.2	-0.9	-1.5	-2.5	-0.7	-0.3	-1.6	-2.9	-1	-1.7	-0.5	-1.2	-1.4	-1.5	-1	-1.2	-0.9	-0.8	-3	-2.4	-1.9	-0.8	-2.3	-1.9	-0.6	-1.5	-0.9	-0.1	-4
322	-0.5	0.6	0.1	0.2	0.6	-0.6	-1.4	-0.8	-1	-2.4	-1.9	-0.3	-0.6	-0.6	-0.6	-0.3	0	-0.5	-0.1	-0.6	-0.6	-1.1	-1	-0.9	-0.8	-1.2	-0.6	-0.5	-1.4	-1.2	-0.2	0	-1	-1	-0.1	-1.2	-0.7	-0.2	-1.4
323	4	3	0.6	2.7	1.8	-2.4	-1.2	-1	-0.5	-0.4	1.9	2	2	1.6	1.8	2.1	2	1.8	1.9	1.8	2	1.9	1.6	1.9	2.4	2.1	1	1.1	1.1	2.3	1.4	3.2	2.2	2	2.7	1.7	2.1	1.6	1.4
324	0.3	-0.1	-2.2	-1	-1.9	-0.5	0.6	0.1	1.8	-4.4	-0.5	-1.6	-0.8	-1.6	-1.6	-1.5	-0.4	-0.7	-0.9	-1	-1	-1	-1.2	-1.5	-0.9	-0.8	-1.8	-1.1	-1	-0.9	-1.5	-0.8	-1.1	-1.7	-0.9	-1.5	-1.5	-1.7	-1.5
325	2.7	2.6	3.5	2.4	1.9	0.6	0.6	1.6	2.3	3.6	2	2.7	2	2.3	2.8	2.7	1.4	1.1	1.7	1.7	2.1	2.4	2.1	1.9	2.2	2.2	3.2	2.8	2.5	2.3	2.4	1.1	2.5	3	1.8	2.3	2.2	3.4	2.5
326	Null	Null	-2.4	0.6	-2.1	-5.8	-5.1	-5.5	-4.5	-1.4	-1.7	-1.9	1	2.3	-1	-0.7	-0.4	0.4	-4.9	0.1	-0.5	0.4	-0.2	0.7	2	2	-6.8	-6.1	1.8	0.6	0.3	1.5	0.5	0.2	1.6	1	1.1	-5	2.1
327	1.4	3.1	0.7	1.9	-2.7	5	4.5	4.3	4	0.6	4.9	2.8	4.4	4.3	2.3	2.6	3.5	3	3	3.6	2.4	2.3	2.8	2.9	0.9	0.8	2.4	2.7	2.8	2.1	3.5	4.2	2.7	3.3	4.6	2.3	2.3	2.6	3.4
328	3.5	3.6	-0.5	3.7	1.4	2.8	3.7	3.6	2.8	2.6	3.6	7	5.9	7.2	7.5	7.3	8.4	7	8.7	9.3	7.3	6.4	6.8	6.1	5.6	5.7	8.8	7.1	5.5	3.7	8.8	8.9	5.7	4.4	9	4	4.8	8.2	4.2
329	2	2.8	1.3	1.7	1.9	2.9	3.3	1.8	2.5	2.6	3.2	1.2	1.4	1	1.1	1.4	2.4	2	2.5	1.3	1.6	0.8	0.9	0.6	0.9	0.8	1.6	2	0.7	1	1	2	1.1	0.9	1.7	0.9	1	1.9	0
330	-9.6	-6.8	-5.8	-8.8	-5.1	0.9	0.6	0.3	-0.3	2.8	0.8	-5.8	-4.1	-7.7	-6.5	-5.9	-7.8	Null	-8	-6.1	-3.7	-4.7	-4	-3.3	-4.9	-4.7	-9.6	-9.9	-6.2	-4.1	-4.8	-3.6	-6	-6.4	-3.7	-5	-3.6	Null	-6.3
331	-2.4	-2.4	-0.8	0.3	-1.5	-4.4	-4.4	-6.2	-4.4	-9.4	-4.5	-1.5	0.7	0.9	-0.8	-0.7	-0.5	0.5	-2	0	-0.3	0.3	-0.1	0.1	0.8	0.7	-2.4	-1.9	0.7	0.3	-0.5	1.3	0.6	0.5	1.3	0.3	0.1	-1.6	0.5
332	-6.4	-10.8	-12.3	0.5	-1.4	-2.9	-2.9	-3.5	-2.5	-5.4	-4	-4.5	-4.6	-6.3	-3.7	-3.9	-6.7	-6.2	-9	-2.3	-1.3	-0.8	-1	-0.4	-3.5	-3.6	-3.4	-3.3	-3.5	-1.8	-2.1	-5.6	-2.7	-2.5	-5.4	-1.9	-1.7	-5.8	-3.7
333	1.6	1.4	2.9	1.8	1.5	Null	-10.3	-8.4	-6.3	-7.5	-6.2	1.9	1.3	1	2.1	2.1	1.1	0.8	1.3	1.2	1.3	1.7	1.6	1.3	1.7	1.6	1.9	1.9	1.4	1.1	1	-0.1	1.7	1.3	0.4	1.3	1.2	1.5	2.1
334	2.4	2.9	3.4	3.3	3.7	3	3.5	2.1	2.6	3.7	3.2	0.2	0.3	0.8	-1.3	0.8	0.9	0.8	0	2.1	1.3	1.1	1.2	1.5	-3.3	-2.9	0.2	1	0.3	-0.5	1.3	-8	-0.7	-3.5	-4.1	-0.6	-0.2	-1	1.5
335	2.6	3.2	3.4	2.2	3	1.9	1	2.3	2.6	4.7	2.9	2.4	1.6	1.6	2.5	2.2	0.9	0.9	1.4	2.2	2.5	2.6	2.7	2.2	2.2	1.9	2.5	2.4	2.3	2.1	2.7	-0.9	2.3	2.2	-0.1	2.2	2.2	2.4	2.3
336	3.4	3.3	2.9	1.9	1.1	1.1	1.2	1.4	1.3	2.7	1.1	1.1	1	0.2	1	1	2.3	2.4	2.2	1.2	1.5	1.5	1.5	0.9	0.9	0.7	1.4	1.4	0	1	0.9	1.3	1.1	1.3	0.7	1.5	1.6	1.5	-0.2
337	1.5	1.6	0	0.5	0.7	2.8	2.5	2	2.1	2.6	2.2	0.6	0.1	-0.2	0.7	0.6	0.4	0	0.7	0.1	0.5	0.8	0.6	0.5	1.2	0.9	0.4	0.7	-0.2	0.2	0.5	-0.7	0.6	0.1	-0.3	0.3	0.4	0.7	-0.1
338	-10.6	Null	-2.7	-4	-1.4	1.8	2.1	2.4	1.5	0.7	2.8	Null	-6.7	-9	Null	-10.3	-8.2	-6.1	Null	-7	-7.2	-6.9	-6.5	-8.3	-10.9	-9.9	-7.7	-5.6	-7.6	-7.4	-6.4	-9	-10.8	-12.7	Null	-7.1	-6	Null	-9.7
339	-3.7	-2.6	-2.2	-3.5	-2.7	-4.9	-4.4	-5.1	-4.3	-0.4	-1.3	-3.7	-4.1	-3.9	-2.7	-3.4	-3.8	-3.9	-3.2	-3.5	-3.4	-2.9	-3.1	-3.7	-2.9	-2.9	-2.9	-3.2	-3.9	-3.8	-3.7	-4.1	-3.4	-4.2	-4.4	-4.3	-4.1	-4	-3.6
340	-1.2	-1.3	-1.6	-1.5	-0.9	-3.7	-2.4	-2	-0.8	-1.4	-1.2	-1.1	0.1	0.1	-1.2	-1.5	-0.3	-0.1	-0.1	-0.9	-0.6	-0.3	-0.6	-0.3	-0.3	-0.3	-1	-1.1	-0.6	-0.4	-1.2	2.1	-0.9	-0.3	1.5	-0.5	-0.6	-1.1	0
341	-0.2	-5	-5.4	-0.8	-4	-2.2	-2.4	-2.1	-2.6	-0.6	-1.2	-2.8	-5.2	-4.7	-3.1	-2.3	-4.2	-5.7	-2.8	-4.4	-3.9	-4.8	-4.5	-4.2	-4.1	-3.6	-3.7	-3.8	-4.9	-4.5	-4.6	-2.5	-4.6	-4.3	-3.7	-4.4	-3.9	-2.3	-4.8
342	4.5	4	3.4	4.4	4.1	-5.2	-5.3	-6.6	-6.4	-6.4	-3.1	4.2	4.8	5.1	4.5	4.3	4.3	4.4	4	4.5	4.7	4.7	4.5	4.4	4.6	4.9	4.5	4.6	5.3	4.8	4	5.8	4.9	4.5	5.6	4.7	4.4	4.4	4.7
343	1.5	4.9	6.5	5.6	1.6	3.9	3	4.3	4.8	6.6	4.3	5.9	5.5	4.7	6.3	5.9	2.9	1.5	3.2	3.3	4.7	5.9	5.3	5.7	3.2	3	3.1	2.6	4.9	3.3	3.1	4.6	3.9	5.7	5.6	5.2	5.3	5.5	5.7
344	1.8	1.6	1.2	1.5	1.7	-1.2	-0.4	-0.6	0.1	3.6	4.4	1.5	2.7	3.1	1.9	1.4	3.1	2.9	3	2.1	2.1	1.9	1.9	1.4	2	2.2	2.1	2	2.5	2	1.4	4.5	1.9	1.7	4.2	1.8	1.7	1.8	2.3
345	2.1	1	0.6	2.1	1.5	2.2	1.7	3.1	3.5	3.6	3.1	0.3	-0.4	-0.8	0.4	0.9	-1.1	-1.2	-1.7	-0.9	0.2	0.9	0.4	0.5	1.5	1.3	0.6	0.3	0.3	0	-0.3	-0.6	0.2	0	-0.4	0.3	0.4	0.1	0.9
346	Null	-3.6	-7	-9.5	Null	2.6	3	1.6	1.5	1.6	3.5	-7.6	-6.7	-6.7	-5.7	-4.6	-11.1	-6.7	Null	-5.1	-5.7	-6.3	-6.8	-6.8	-2.9	-2.5	Null	-9.8	-5.4	-4.1	-5.2	-4.5	-3.6	-2.9	-6.4	-2.6	-2.7	-8	-5.1
347	2.8	3	3.7	2.3	2.7	Null	Null	Null	Null	-3.4	Null	1.9	2.2	2.2	1.7	2	2.9	2.7	2.8	1.9	2	0.8	1	1.1	1.5	1.5	1.4	1.7	1.5	1.5	1.2	3.3	1	1.1	2.8	1.5	1.6	2	1.2
348	3.8	3.4	3.8	3.4	4.1	4.1	4.3	4.1	3.5	5.6	4	3.4	4.4	4.9	3.4	3.6	5	4.8	5	3.5	3.5	3.3	3.3	3	3.4	3.7	4	4	4	3.8	3.5	5.8	3.3	3.3	5.4	3.5	3.5	3.5	3.9
349	3.1	4.8	2.3	4.3	0	0.7	-0.4	-0.6	-0.6	-1.3	-1.1	2.5	2.4	1.3	2.4	2.1	1.8	0.9	1	2.2	1.6	2.4	2.2	1.4	1.4	1.6	0.7	0.7	2.4	1.8	3.4	2.8	2.5	1.9	2.4	1.2	2	0.7	2.7
350	Null	Null	Null	Null	-7.6	-8.5	Null	-9.7	Null	Null	-6.2	Null	Null	Null	Null	Null	Null	Null	Null	Null	Null	Null	Null	Null	Null	Null	Null	Null	Null	Null	Null	Null	Null	Null	Null	Null	Null	-8.3	Null
351	-1.9	-3.5	-2.3	-1.9	-2.3	-1.3	-1.7	-1.1	-1.6	-1	-2.2	-3	-3.7	-4.3	-3.1	-3.3	-4.5	-4.5	-4	-3.8	-3.7	-3.3	-3.4	-3.7	-3.6	-3.5	-2.9	-2.9	-3.4	-3.6	-2.7	-4.5	-4.1	-3.8	-3.9	-3.9	-4.1	-3	-3.1
352	1.8	2.5	2.3	-0.1	1.4	-0.2	-1	-0.2	0.3	2.6	0.1	1.7	0.5	1.1	1.6	1.6	1.2	0.7	1.4	0.5	1.1	0.9	1.1	1.3	0.1	0.2	1.2	1.1	0	-0.5	1.2	0.7	0.6	1.4	1.2	0.7	0.8	1.7	0.9
353	0.8	1.9	1.8	0.3	1.3	0.1	0.6	0.4	-0.4	1.6	1.2	1.2	1.1	1.4	1.1	1.4	1.8	1.7	1.6	1.2	1.4	1.1	1.3	1.3	0.2	0.1	0.7	0.6	0.5	-0.1	1	1.6	0.2	0.4	1.6	0.3	0.5	0.5	0.9
354	-0.1	-1.3	0.5	0	-1.6	-1.2	0	-0.9	0.8	-2.3	-1.3	-3.3	-3.7	-3.6	-4	-3.4	-1.8	-1.6	-3.1	-1.3	-2.5	-2.6	-2.7	-2.8	-4.1	-4.6	-2.8	-1.7	-3.3	-3	-2.3	-4.9	-3.2	-4.7	-5.9	-3.4	-3.8	-4.1	-3.1
355	0.3	-2.6	-0.7	-2	-1.5	-0.3	-0.4	-1.2	-0.6	-0.4	-1	-3.8	-2.6	-2.4	-4.9	-3.7	-0.8	-0.4	-2.1	-2.8	-3	-3.8	-3.5	-4	-5.8	-6.7	-4	-2.9	-3.2	-4.3	-3.9	-3.6	-4.1	-4.2	-3.2	-4.8	-4.3	-5	-3.3
356	-4	-4.6	-3.9	-4.4	-4.3	-3	-2.4	-4.4	-3.5	-2.4	-2	-4.9	-6.3	-5.5	-4.4	-4.9	-5.8	-5.6	-6.1	-4.8	-5.1	-4.8	-5.1	-4.9	-5	-4.9	-5	-5.3	-5.1	-5.2	-4.6	-7.7	-5.1	-5.3	-7.2	-5.3	-5.4	-5.9	-4.2
357	3	3.1	3.5	2.9	3.1	4	4.4	3.1	3.5	3.6	3.8	3.7	3.4	3.5	4	3.5	3.5	3.8	3.5	3.7	3.5	3.9	3.7	3.6	3.5	3.5	4	4	3.7	3.4	3.3	2.8	3.5	3.4	3.2	3.5	3.4	3.5	3.6
358	3.3	4.2	3	3	3.2	2.7	2.3	3.3	3.7	4.2	2.8	3.2	4	4.1	3.1	3	4.5	4.8	4.3	3.2	3.1	3	3	2.9	2.9	2.8	3.4	3.5	3.5	3.1	2.7	4.3	3.5	2.9	4.4	3	3	3.3	3.1

